c solution = 16,8010
p edge 903 2895
e 1 3 502
e 1 4 82
e 1 5 416
e 1 7 746
e 1 10 556
e 1 12 270
e 1 896 299
e 1 897 802
e 1 899 541
e 899 891 862
e 899 892 669
e 899 895 293
e 899 898 184
e 898 890 899
e 898 891 36
e 898 896 356
e 896 891 999
e 896 892 510
e 896 894 978
e 896 897 891
e 896 900 407
e 896 901 226
e 901 892 652
e 901 893 495
e 901 897 403
e 901 900 157
e 901 903 501
e 903 895 591
e 895 892 147
e 895 893 681
e 895 900 232
e 895 902 489
e 902 892 754
e 902 893 392
e 902 897 721
e 902 900 204
e 900 890 489
e 900 891 733
e 900 893 618
e 900 894 597
e 900 897 604
e 897 890 744
e 897 893 873
e 897 894 639
e 894 891 54
e 894 892 418
e 892 890 96
e 891 893 872
e 12 2 100
e 12 14 76
e 12 25 488
e 12 27 957
e 12 28 788
e 28 27 177
e 28 30 429
e 30 24 877
e 30 25 274
e 30 27 471
e 27 24 225
e 27 31 724
e 31 25 695
e 31 29 627
e 29 24 448
e 24 25 309
e 24 32 328
e 32 26 639
e 26 25 43
e 14 6 116
e 14 8 50
e 14 10 823
e 10 4 866
e 10 7 157
e 10 8 400
e 10 13 281
e 13 2 993
e 13 5 887
e 13 11 620
e 11 2 475
e 11 9 367
e 9 4 966
e 9 5 165
e 9 7 160
e 7 8 294
e 8 5 879
e 5 2 128
e 5 4 151
e 5 6 846
e 5 33 882
e 5 39 623
e 5 41 685
e 5 43 532
e 5 45 416
e 5 47 112
e 5 48 556
e 5 49 714
e 5 141 925
e 5 144 699
e 5 149 210
e 149 138 646
e 149 141 934
e 149 142 636
e 149 143 718
e 149 146 570
e 149 150 515
e 149 155 36
e 149 157 132
e 149 158 826
e 149 159 478
e 159 153 835
e 159 154 871
e 159 155 856
e 159 160 975
e 160 156 330
e 160 157 399
e 160 158 96
e 160 161 657
e 161 153 257
e 161 154 904
e 161 155 660
e 161 158 51
e 155 156 580
e 155 157 782
e 156 153 489
e 156 154 24
e 150 138 397
e 150 140 920
e 150 142 967
e 150 147 85
e 150 148 638
e 150 152 413
e 152 139 333
e 152 141 73
e 152 142 929
e 152 144 404
e 152 151 288
e 151 139 633
e 151 142 247
e 151 143 725
e 151 144 158
e 151 148 161
e 148 143 856
e 143 138 478
e 143 146 391
e 146 138 843
e 146 147 553
e 147 141 506
e 147 144 763
e 147 145 45
e 145 140 431
e 140 139 864
e 140 141 488
e 141 139 262
e 139 142 313
e 139 164 267
e 139 166 605
e 139 168 228
e 139 172 935
e 139 173 55
e 139 175 792
e 139 177 609
e 139 178 25
e 139 199 47
e 139 201 654
e 139 204 783
e 139 206 723
e 139 208 992
e 139 431 662
e 139 432 465
e 139 433 486
e 139 435 774
e 139 436 929
e 139 438 246
e 139 439 304
e 139 443 378
e 443 431 602
e 443 434 744
e 443 437 249
e 443 439 812
e 443 441 826
e 443 444 174
e 444 431 317
e 444 433 482
e 444 435 163
e 444 438 294
e 444 440 967
e 444 441 210
e 444 442 157
e 442 431 457
e 442 432 306
e 442 436 662
e 436 431 209
e 436 440 153
e 440 432 494
e 440 437 693
e 440 438 183
e 438 432 386
e 438 433 615
e 433 432 954
e 433 434 125
e 433 435 943
e 433 437 776
e 433 445 97
e 433 447 502
e 433 448 885
e 433 450 420
e 433 451 91
e 433 452 761
e 433 458 307
e 433 459 61
e 433 461 550
e 461 446 105
e 461 451 360
e 461 453 308
e 461 454 899
e 461 458 172
e 458 447 703
e 458 450 748
e 458 451 692
e 458 454 863
e 458 456 737
e 458 457 360
e 458 459 453
e 459 446 305
e 459 452 542
e 459 453 511
e 459 457 948
e 457 447 56
e 457 448 779
e 457 451 507
e 457 452 770
e 457 453 625
e 457 454 734
e 457 455 976
e 455 446 103
e 455 448 239
e 455 453 611
e 455 456 458
e 455 460 797
e 460 447 72
e 460 448 385
e 460 453 156
e 460 454 136
e 454 445 878
e 454 446 805
e 454 448 82
e 454 451 980
e 451 446 608
e 451 449 920
e 451 452 380
e 451 456 25
e 456 448 143
e 448 449 12
e 448 452 773
e 448 453 687
e 453 447 215
e 453 449 255
e 449 445 663
e 449 446 698
e 446 445 509
e 446 447 491
e 446 452 318
e 452 445 112
e 452 450 609
e 450 447 432
e 437 439 344
e 437 441 534
e 441 439 91
e 439 435 290
e 434 432 563
e 432 431 260
e 431 462 953
e 431 463 576
e 431 464 525
e 431 470 570
e 431 471 688
e 431 473 198
e 431 475 556
e 475 465 632
e 475 466 528
e 475 467 234
e 475 473 263
e 473 462 863
e 473 465 882
e 473 466 391
e 473 467 597
e 473 470 523
e 473 471 135
e 473 474 360
e 474 463 959
e 474 465 791
e 474 466 266
e 474 467 339
e 474 470 243
e 474 472 309
e 472 462 413
e 472 463 786
e 472 465 529
e 472 468 738
e 468 462 884
e 468 463 865
e 468 466 324
e 468 467 712
e 467 463 867
e 467 465 74
e 465 464 844
e 465 476 575
e 465 478 564
e 465 481 617
e 465 483 630
e 465 485 122
e 465 488 409
e 465 491 109
e 465 492 953
e 492 476 162
e 492 477 987
e 492 480 411
e 492 481 649
e 492 483 101
e 492 484 250
e 492 487 628
e 487 477 372
e 487 479 557
e 487 480 643
e 487 482 964
e 487 483 809
e 487 485 328
e 487 486 297
e 487 489 403
e 487 491 581
e 491 478 150
e 491 481 906
e 491 483 994
e 491 484 225
e 491 485 514
e 491 489 346
e 489 476 462
e 489 481 613
e 489 483 278
e 489 484 287
e 489 485 605
e 485 477 226
e 485 478 201
e 485 479 186
e 485 480 153
e 485 481 967
e 485 483 344
e 485 490 790
e 490 477 214
e 490 482 703
e 490 483 751
e 490 488 636
e 488 476 634
e 488 479 536
e 488 480 836
e 488 486 26
e 486 476 450
e 486 477 945
e 486 478 446
e 486 480 162
e 486 481 757
e 486 483 945
e 486 484 660
e 484 476 650
e 484 477 633
e 484 479 954
e 484 480 824
e 480 477 142
e 480 479 797
e 480 481 303
e 481 476 462
e 481 477 330
e 481 479 617
e 479 476 265
e 479 477 419
e 479 483 424
e 483 476 800
e 483 477 938
e 476 482 949
e 482 478 704
e 464 463 845
e 464 466 478
e 464 470 808
e 470 462 294
e 470 469 440
e 470 494 639
e 470 503 155
e 503 493 279
e 503 494 861
e 503 497 21
e 503 500 987
e 503 502 436
e 502 493 620
e 502 498 935
e 502 499 728
e 502 500 659
e 502 520 82
e 502 524 60
e 502 528 651
e 528 519 987
e 528 522 312
e 528 523 498
e 528 526 319
e 526 520 999
e 526 521 119
e 526 522 529
e 526 523 130
e 523 519 16
e 523 520 571
e 523 521 90
e 523 525 606
e 525 527 82
e 527 520 857
e 527 524 41
e 524 520 807
e 520 522 88
e 522 530 578
e 522 536 170
e 522 540 391
e 522 541 468
e 522 542 424
e 522 555 146
e 522 557 480
e 522 563 402
e 522 847 229
e 522 850 288
e 522 853 708
e 522 855 386
e 522 858 649
e 858 846 101
e 858 847 506
e 858 854 369
e 858 855 663
e 855 846 696
e 855 851 363
e 855 852 516
e 855 857 119
e 857 847 160
e 857 849 897
e 857 851 568
e 851 846 779
e 851 847 662
e 851 848 181
e 851 849 546
e 851 852 94
e 851 854 914
e 854 846 550
e 854 849 124
e 854 852 530
e 852 846 425
e 852 848 619
e 852 849 398
e 849 846 193
e 848 847 814
e 848 850 933
e 848 859 200
e 848 860 466
e 848 861 454
e 848 862 165
e 848 863 68
e 848 865 440
e 848 868 428
e 848 871 478
e 848 872 766
e 872 859 619
e 872 860 532
e 872 862 289
e 872 863 360
e 872 866 151
e 872 867 565
e 872 869 517
e 872 870 638
e 872 871 527
e 872 873 705
e 872 874 46
e 872 876 611
e 872 878 84
e 872 879 665
e 872 882 853
e 872 884 386
e 872 885 436
e 872 886 878
e 872 889 855
e 889 879 876
e 889 881 330
e 889 882 926
e 889 885 593
e 889 886 685
e 886 876 101
e 886 877 95
e 886 880 357
e 886 884 242
e 886 887 60
e 886 888 936
e 888 876 821
e 888 877 821
e 888 878 449
e 888 885 444
e 888 887 236
e 887 876 340
e 887 877 58
e 887 879 66
e 887 884 720
e 884 877 833
e 884 880 792
e 884 881 10
e 884 882 316
e 884 883 878
e 884 885 268
e 885 877 669
e 885 880 816
e 880 878 956
e 880 881 415
e 880 882 825
e 882 876 773
e 882 877 926
e 882 878 874
e 882 881 995
e 881 876 837
e 881 883 295
e 883 876 621
e 883 878 944
e 883 879 908
e 879 878 248
e 876 877 559
e 874 860 660
e 874 861 815
e 874 862 680
e 874 863 278
e 874 864 944
e 874 865 299
e 874 867 665
e 867 859 716
e 867 861 276
e 867 862 621
e 867 864 763
e 867 865 349
e 867 871 428
e 871 860 956
e 871 861 587
e 871 869 290
e 871 870 679
e 870 860 53
e 870 864 975
e 870 865 286
e 870 875 267
e 875 859 478
e 875 866 629
e 866 861 889
e 866 862 515
e 866 873 176
e 873 860 862
e 873 868 632
e 873 869 407
e 869 859 317
e 869 861 945
e 869 862 684
e 869 863 431
e 869 864 22
e 869 868 204
e 868 864 903
e 864 859 106
e 864 860 273
e 864 862 334
e 862 860 65
e 862 865 275
e 859 861 199
e 850 856 958
e 856 847 597
e 856 853 242
e 563 556 52
e 563 560 723
e 560 555 212
e 560 558 790
e 560 562 526
e 560 564 206
e 564 555 83
e 564 556 286
e 564 559 29
e 564 561 329
e 561 557 837
e 561 562 539
e 562 555 486
e 562 558 727
e 562 559 291
e 559 555 316
e 559 556 315
e 559 557 369
e 559 558 502
e 559 586 598
e 559 590 158
e 559 591 863
e 559 593 315
e 559 601 307
e 559 602 434
e 602 600 628
e 602 604 757
e 602 607 682
e 602 608 804
e 608 601 388
e 608 603 683
e 608 604 696
e 608 605 156
e 608 606 523
e 606 600 64
e 606 601 790
e 606 622 803
e 606 623 601
e 606 625 222
e 606 626 14
e 606 628 667
e 606 630 920
e 606 631 85
e 606 632 608
e 606 634 162
e 606 636 736
e 606 637 121
e 606 638 670
e 606 661 616
e 606 664 532
e 606 669 380
e 606 671 840
e 671 654 252
e 671 655 327
e 671 662 350
e 671 663 824
e 671 664 620
e 671 666 677
e 671 668 433
e 671 669 502
e 671 670 910
e 670 657 339
e 670 658 927
e 670 660 356
e 670 664 710
e 670 666 704
e 670 667 627
e 670 669 919
e 669 654 336
e 669 656 240
e 669 667 770
e 667 660 672
e 667 664 566
e 667 665 522
e 667 668 756
e 668 660 309
e 668 661 845
e 668 662 665
e 662 654 150
e 662 659 573
e 662 660 625
e 662 661 342
e 662 664 208
e 662 665 263
e 665 656 33
e 665 658 294
e 665 659 587
e 665 661 30
e 665 663 772
e 665 666 54
e 666 654 707
e 666 655 616
e 666 658 156
e 666 661 179
e 666 664 833
e 664 654 136
e 664 656 639
e 664 659 473
e 664 673 405
e 664 675 197
e 664 676 332
e 664 677 361
e 664 678 567
e 664 679 115
e 664 680 703
e 664 681 503
e 681 672 12
e 681 679 933
e 681 680 702
e 680 674 737
e 680 677 420
e 680 678 683
e 680 683 609
e 680 687 768
e 680 689 453
e 680 692 938
e 680 693 321
e 680 695 31
e 680 697 339
e 680 700 402
e 680 701 499
e 701 684 150
e 701 685 635
e 701 690 686
e 701 692 105
e 701 693 218
e 701 694 727
e 701 696 454
e 701 699 355
e 701 700 596
e 700 684 600
e 700 687 720
e 700 688 65
e 700 692 41
e 700 693 863
e 700 696 771
e 700 699 122
e 699 683 252
e 699 685 343
e 699 687 243
e 699 690 769
e 699 693 474
e 699 694 675
e 699 697 217
e 699 698 914
e 698 686 751
e 698 687 855
e 698 688 308
e 698 690 400
e 698 697 196
e 697 686 536
e 697 687 697
e 697 689 860
e 697 691 303
e 691 687 566
e 691 688 344
e 691 692 231
e 691 693 653
e 691 694 930
e 694 683 591
e 694 684 20
e 694 688 95
e 694 689 357
e 694 693 279
e 693 683 405
e 693 687 308
e 693 690 226
e 690 684 105
e 690 685 910
e 690 688 715
e 690 689 836
e 690 692 485
e 690 695 630
e 695 685 843
e 695 686 236
e 695 687 835
e 695 692 820
e 695 717 842
e 695 718 435
e 695 719 733
e 695 720 634
e 695 721 551
e 695 722 205
e 695 725 430
e 695 726 304
e 726 720 698
e 726 721 51
e 726 725 516
e 725 721 531
e 725 722 855
e 722 721 898
e 722 723 956
e 723 717 657
e 723 718 729
e 723 719 343
e 723 724 200
e 724 718 299
e 724 720 960
e 724 721 761
e 721 717 157
e 721 719 792
e 719 718 390
e 719 720 523
e 719 729 952
e 719 732 838
e 719 734 45
e 719 736 343
e 719 738 885
e 738 727 720
e 738 728 401
e 738 729 972
e 738 731 971
e 738 732 651
e 738 735 821
e 738 736 300
e 738 737 361
e 737 729 634
e 737 730 553
e 737 732 87
e 737 739 861
e 737 760 518
e 737 762 373
e 737 766 512
e 737 767 861
e 737 771 764
e 737 772 450
e 737 776 696
e 737 777 594
e 737 778 753
e 737 780 981
e 737 782 601
e 737 784 882
e 737 785 878
e 737 786 243
e 786 776 783
e 786 778 774
e 786 781 635
e 786 785 453
e 786 788 792
e 788 778 908
e 788 779 160
e 788 780 481
e 788 783 302
e 788 784 405
e 788 787 128
e 787 777 431
e 787 783 96
e 783 789 720
e 783 790 866
e 790 777 910
e 790 779 821
e 790 780 651
e 790 782 537
e 782 776 422
e 782 780 572
e 782 781 999
e 782 789 682
e 789 777 463
e 789 778 335
e 789 779 871
e 789 784 777
e 784 776 599
e 784 778 150
e 784 781 682
e 781 778 67
e 778 776 817
e 776 777 887
e 776 779 316
e 772 759 480
e 772 760 538
e 772 765 955
e 772 768 971
e 772 769 814
e 772 771 220
e 772 773 334
e 772 774 161
e 774 761 25
e 774 763 980
e 774 765 164
e 774 767 632
e 774 769 565
e 774 770 875
e 770 758 379
e 770 760 371
e 770 761 765
e 770 762 594
e 770 764 447
e 770 766 190
e 770 767 652
e 770 768 498
e 768 761 340
e 768 762 238
e 768 764 53
e 768 766 216
e 768 769 800
e 768 771 938
e 768 775 364
e 775 761 450
e 775 763 590
e 775 764 101
e 775 767 77
e 775 769 793
e 775 773 352
e 773 758 561
e 773 759 462
e 773 760 14
e 773 762 17
e 773 764 164
e 773 765 116
e 773 766 885
e 773 771 288
e 771 758 303
e 771 761 299
e 771 763 377
e 771 764 90
e 771 765 646
e 765 759 402
e 765 763 341
e 765 764 774
e 765 767 932
e 767 759 780
e 767 760 19
e 767 761 356
e 761 759 120
e 761 762 196
e 761 763 732
e 761 764 161
e 764 758 928
e 764 759 436
e 764 763 191
e 764 769 694
e 769 762 760
e 769 763 18
e 769 766 651
e 766 760 513
e 766 762 332
e 762 758 489
e 762 760 556
e 760 763 538
e 763 759 687
e 739 728 784
e 739 733 959
e 739 734 197
e 739 735 409
e 735 728 383
e 735 730 626
e 735 731 399
e 735 734 609
e 734 730 127
e 734 732 980
e 734 733 626
e 734 736 104
e 736 728 342
e 736 730 773
e 736 731 663
e 730 728 436
e 730 733 771
e 733 728 235
e 728 729 746
e 729 732 861
e 729 741 736
e 729 744 569
e 729 749 961
e 729 750 907
e 729 751 287
e 729 753 893
e 729 757 379
e 757 746 838
e 757 747 526
e 757 748 435
e 757 751 925
e 757 754 167
e 754 743 889
e 754 744 172
e 754 746 839
e 754 747 926
e 754 749 150
e 754 752 408
e 754 755 439
e 754 756 427
e 756 741 196
e 756 742 909
e 756 746 496
e 756 750 762
e 756 751 193
e 751 741 865
e 751 743 36
e 751 745 631
e 751 750 361
e 751 752 961
e 751 753 752
e 753 740 224
e 753 742 638
e 753 744 914
e 753 745 485
e 753 752 441
e 752 740 30
e 752 742 617
e 752 746 74
e 752 748 608
e 752 749 918
e 752 755 636
e 755 741 650
e 755 743 500
e 743 740 998
e 743 744 218
e 743 748 956
e 748 741 263
e 748 742 964
e 748 744 813
e 748 747 130
e 747 740 747
e 747 741 415
e 747 745 620
e 747 746 638
e 747 749 50
e 749 742 806
e 749 750 733
e 750 746 777
e 746 740 614
e 746 741 803
e 746 745 555
e 741 742 933
e 742 740 516
e 742 744 35
e 732 727 916
e 720 717 621
e 692 683 609
e 692 684 580
e 692 686 323
e 692 696 32
e 692 791 548
e 692 794 958
e 692 795 955
e 692 799 698
e 692 823 715
e 692 824 322
e 692 825 233
e 692 830 649
e 830 817 917
e 830 818 127
e 830 821 194
e 830 822 809
e 830 825 217
e 830 828 647
e 830 829 974
e 830 831 343
e 831 818 561
e 831 820 867
e 831 821 159
e 831 822 294
e 831 827 428
e 831 828 28
e 831 829 641
e 831 832 929
e 832 822 553
e 832 823 773
e 832 825 22
e 832 826 169
e 826 818 919
e 826 821 412
e 826 824 255
e 826 828 495
e 828 818 373
e 828 820 391
e 828 821 593
e 828 824 267
e 828 829 10
e 829 821 68
e 829 822 134
e 829 825 971
e 825 817 482
e 825 819 174
e 825 821 254
e 825 824 391
e 825 827 296
e 827 818 834
e 827 820 470
e 827 821 992
e 827 822 45
e 827 824 16
e 824 818 239
e 818 820 950
e 818 821 263
e 818 822 617
e 821 819 475
e 819 823 643
e 823 817 716
e 823 820 375
e 820 817 231
e 817 836 674
e 817 837 911
e 817 838 940
e 817 845 593
e 845 834 904
e 845 835 325
e 845 838 202
e 845 841 167
e 845 842 504
e 842 833 300
e 842 837 685
e 837 833 411
e 837 834 644
e 837 839 640
e 837 844 648
e 844 833 712
e 844 838 768
e 844 839 673
e 844 841 988
e 841 833 528
e 841 834 27
e 841 836 598
e 841 838 739
e 838 836 360
e 838 839 151
e 839 834 920
e 839 836 418
e 836 843 299
e 843 833 189
e 843 834 752
e 843 835 970
e 843 840 21
e 840 833 17
e 840 834 935
e 834 835 128
e 835 833 361
e 799 792 980
e 799 793 970
e 799 795 998
e 799 796 871
e 796 791 890
e 796 792 932
e 796 793 443
e 796 797 658
e 797 791 891
e 797 793 969
e 797 794 308
e 797 795 957
e 797 798 108
e 798 791 31
e 798 793 203
e 798 794 401
e 798 795 853
e 795 794 365
e 794 791 21
e 794 792 304
e 794 793 492
e 793 792 159
e 793 801 796
e 793 802 275
e 793 804 586
e 793 808 496
e 793 810 898
e 793 811 583
e 793 815 440
e 815 802 772
e 815 803 242
e 815 809 31
e 815 810 741
e 815 811 488
e 815 812 536
e 815 816 262
e 816 801 154
e 816 804 380
e 816 805 614
e 816 808 578
e 816 813 964
e 813 800 751
e 813 801 87
e 813 806 633
e 813 810 233
e 810 801 442
e 810 802 362
e 810 803 171
e 810 805 506
e 810 808 153
e 808 801 222
e 808 805 196
e 805 802 387
e 805 803 207
e 805 804 815
e 805 807 471
e 805 811 162
e 805 814 568
e 814 800 120
e 814 801 702
e 814 806 683
e 814 807 918
e 814 809 897
e 814 811 50
e 811 801 912
e 811 803 120
e 811 804 733
e 811 806 706
e 806 802 87
e 806 803 868
e 806 804 241
e 806 812 201
e 812 802 971
e 802 800 720
e 802 801 672
e 802 803 336
e 802 807 490
e 802 809 882
e 809 804 295
e 804 803 500
e 803 800 391
e 803 801 659
e 800 807 58
e 792 791 249
e 696 683 327
e 696 684 22
e 696 686 235
e 684 688 130
e 688 683 55
e 688 685 359
e 688 689 158
e 689 685 294
e 685 683 675
e 683 687 609
e 683 702 826
e 683 703 894
e 683 704 163
e 683 707 44
e 683 713 240
e 683 714 147
e 714 702 559
e 714 704 19
e 714 705 681
e 714 706 184
e 714 709 78
e 714 711 825
e 714 715 987
e 715 704 343
e 715 707 332
e 715 709 42
e 715 711 237
e 715 713 302
e 713 702 403
e 713 704 886
e 713 706 292
e 713 707 300
e 713 709 258
e 713 711 27
e 713 712 453
e 712 707 732
e 712 708 967
e 708 703 621
e 708 707 541
e 708 709 754
e 709 702 569
e 709 703 475
e 709 705 456
e 709 706 215
e 709 707 25
e 709 710 55
e 709 711 727
e 711 703 194
e 711 704 804
e 704 702 939
e 704 703 785
e 704 710 788
e 710 703 302
e 703 706 151
e 703 707 947
e 707 702 561
e 707 705 858
e 707 716 750
e 716 705 432
e 702 706 29
e 678 676 37
e 678 677 740
e 678 679 503
e 678 682 499
e 682 673 214
e 682 676 309
e 682 677 284
e 677 672 799
e 677 673 156
e 677 676 787
e 676 672 944
e 676 673 242
e 676 679 989
e 679 673 55
e 673 672 666
e 673 674 711
e 674 675 996
e 675 672 912
e 659 656 335
e 659 657 231
e 659 663 694
e 663 654 543
e 663 656 273
e 663 657 434
e 657 655 223
e 657 656 172
e 657 660 827
e 657 661 276
e 661 654 928
e 661 655 731
e 661 658 267
e 658 654 73
e 658 655 415
e 658 656 132
e 655 660 977
e 638 622 595
e 638 625 216
e 638 628 570
e 638 636 552
e 638 637 583
e 637 624 370
e 637 630 314
e 637 632 833
e 637 633 281
e 637 636 988
e 636 621 171
e 636 626 570
e 636 628 706
e 636 635 955
e 635 622 39
e 635 623 390
e 635 624 480
e 635 625 646
e 635 628 906
e 635 630 515
e 635 631 470
e 635 632 424
e 632 621 251
e 632 623 196
e 632 626 731
e 632 630 509
e 632 633 91
e 632 634 376
e 634 623 209
e 634 625 846
e 634 628 182
e 634 629 307
e 634 630 263
e 634 631 605
e 634 633 669
e 633 621 575
e 633 622 668
e 633 623 208
e 633 627 233
e 633 630 701
e 630 621 189
e 630 624 618
e 630 626 20
e 630 627 956
e 630 628 25
e 628 626 505
e 628 627 387
e 628 631 913
e 631 622 517
e 631 624 916
e 624 626 297
e 626 623 476
e 626 625 123
e 626 627 635
e 627 623 319
e 623 621 339
e 623 622 444
e 623 629 102
e 629 622 845
e 622 625 177
e 625 639 530
e 625 644 736
e 625 645 972
e 625 647 984
e 625 649 664
e 625 650 377
e 625 652 468
e 625 653 879
e 653 642 861
e 653 646 206
e 653 649 192
e 653 650 411
e 653 651 141
e 653 652 467
e 652 639 286
e 652 643 601
e 652 644 386
e 652 645 458
e 652 647 283
e 652 651 746
e 651 639 610
e 651 641 529
e 651 642 371
e 651 643 577
e 651 644 40
e 651 647 605
e 651 649 684
e 649 640 88
e 649 641 790
e 649 646 592
e 646 640 110
e 646 642 722
e 646 643 475
e 646 647 767
e 647 639 370
e 647 645 138
e 647 650 95
e 650 639 756
e 650 640 634
e 640 644 691
e 640 645 13
e 645 641 840
e 645 644 413
e 645 648 729
e 648 641 136
e 648 642 791
e 648 643 902
e 648 644 139
e 644 639 690
e 644 642 231
e 642 639 628
e 639 641 73
e 601 600 458
e 601 605 75
e 601 607 54
e 607 603 211
e 603 600 379
e 603 604 275
e 603 605 571
e 603 612 480
e 603 613 621
e 603 616 396
e 603 620 81
e 620 612 390
e 620 615 924
e 620 618 339
e 620 619 685
e 619 609 897
e 619 610 225
e 619 611 443
e 619 612 183
e 619 613 587
e 619 615 552
e 615 609 462
e 615 611 958
e 615 616 273
e 615 617 260
e 617 609 208
e 617 610 83
e 617 611 409
e 617 614 254
e 617 616 224
e 616 611 437
e 616 613 829
e 616 614 374
e 614 613 432
e 613 618 73
e 618 610 938
e 618 611 82
e 618 612 737
e 612 609 301
e 609 610 64
e 609 611 719
e 611 610 970
e 605 604 335
e 604 600 540
e 593 585 623
e 593 586 533
e 593 587 243
e 593 588 333
e 593 591 883
e 593 592 963
e 593 596 505
e 596 588 694
e 596 592 927
e 596 594 41
e 596 597 684
e 596 599 128
e 599 587 558
e 599 588 19
e 599 590 756
e 599 591 620
e 599 592 48
e 599 595 942
e 599 598 624
e 598 589 316
e 598 590 540
e 598 594 559
e 598 597 411
e 597 591 642
e 597 594 713
e 594 586 61
e 594 591 323
e 594 592 337
e 592 585 287
e 592 588 625
e 592 589 629
e 592 590 871
e 590 587 36
e 590 588 604
e 588 585 291
e 588 586 202
e 586 587 223
e 586 591 963
e 591 589 60
e 589 587 605
e 589 595 972
e 558 555 71
e 558 557 998
e 557 555 248
e 557 556 130
e 555 565 764
e 555 566 553
e 555 568 751
e 555 570 906
e 555 572 915
e 572 565 92
e 572 568 892
e 572 570 564
e 572 573 835
e 572 575 832
e 575 565 624
e 575 567 467
e 575 571 532
e 575 573 153
e 575 574 695
e 574 571 76
e 571 565 890
e 571 569 642
e 569 566 612
e 569 570 645
e 569 573 95
e 569 576 761
e 569 578 542
e 569 579 852
e 579 578 644
e 579 580 392
e 579 582 451
e 579 583 256
e 579 584 81
e 584 577 895
e 584 578 473
e 578 576 583
e 578 580 603
e 578 581 708
e 581 580 592
e 581 583 984
e 583 577 81
e 577 580 62
e 577 582 63
e 582 580 829
e 580 576 201
e 573 565 238
e 565 567 92
e 565 570 846
e 570 567 534
e 542 529 37
e 542 531 619
e 542 533 717
e 542 535 97
e 542 536 106
e 542 539 739
e 542 540 905
e 542 541 74
e 541 529 266
e 541 531 606
e 541 536 658
e 541 539 444
e 539 529 213
e 539 532 894
e 539 536 612
e 539 538 928
e 539 540 804
e 540 529 961
e 540 530 502
e 540 531 738
e 540 532 823
e 540 533 79
e 540 536 191
e 536 529 906
e 536 531 411
e 536 537 780
e 536 538 23
e 538 531 459
e 538 533 908
e 538 535 322
e 538 537 254
e 537 530 992
e 537 533 646
e 533 529 402
e 533 530 515
e 533 534 337
e 534 535 252
e 535 529 82
e 535 532 87
e 532 530 469
e 530 531 219
e 530 544 581
e 530 549 205
e 530 551 823
e 530 553 953
e 553 543 928
e 553 544 985
e 553 545 762
e 553 546 363
e 553 547 234
e 553 549 248
e 553 550 746
e 553 554 627
e 554 544 620
e 554 545 214
e 554 546 420
e 546 543 795
e 546 545 651
e 546 547 316
e 546 548 411
e 546 549 547
e 549 543 62
e 549 547 344
e 549 552 120
e 552 543 839
e 552 544 72
e 552 547 30
e 552 548 458
e 552 550 350
e 550 543 281
e 550 544 518
e 550 545 322
e 550 551 761
e 551 547 793
e 551 548 269
e 548 543 997
e 548 544 212
e 544 545 170
e 544 547 523
e 547 543 789
e 547 545 655
e 500 493 783
e 500 495 349
e 500 497 41
e 500 498 507
e 498 493 529
e 498 497 464
e 498 501 73
e 501 494 209
e 494 493 839
e 494 497 459
e 497 495 244
e 495 493 48
e 493 496 377
e 493 499 578
e 493 506 287
e 493 508 403
e 493 509 509
e 493 510 321
e 493 511 777
e 493 513 570
e 493 514 484
e 493 517 191
e 493 518 264
e 518 504 643
e 518 507 589
e 518 508 827
e 518 511 554
e 518 512 468
e 518 515 613
e 518 516 599
e 516 504 567
e 516 505 516
e 516 506 247
e 516 508 465
e 516 510 491
e 516 511 590
e 511 505 443
e 511 506 907
e 511 507 72
e 511 510 131
e 511 514 664
e 511 517 802
e 517 504 631
e 517 506 772
e 506 504 961
e 506 505 46
e 506 507 916
e 506 509 256
e 506 510 794
e 506 512 858
e 506 513 33
e 513 504 533
e 513 509 277
e 513 510 167
e 513 512 434
e 513 514 851
e 514 505 873
e 514 509 537
e 514 510 252
e 514 512 297
e 514 515 863
e 515 505 959
e 515 509 168
e 509 504 777
e 509 505 724
e 509 508 627
e 509 510 638
e 510 505 75
e 505 512 687
e 504 507 478
e 499 496 241
e 469 462 766
e 469 463 365
e 469 471 585
e 471 463 131
e 208 200 147
e 208 201 394
e 208 202 780
e 208 207 588
e 208 209 149
e 209 199 544
e 209 204 462
e 209 205 780
e 205 200 587
e 205 201 102
e 205 202 859
e 205 203 728
e 205 204 612
e 205 206 369
e 205 207 537
e 205 379 165
e 205 381 278
e 205 382 785
e 205 383 187
e 205 384 191
e 205 385 748
e 205 386 939
e 205 387 110
e 205 393 935
e 205 394 603
e 394 380 988
e 394 382 385
e 394 388 960
e 394 389 218
e 394 391 217
e 394 393 478
e 393 379 672
e 393 381 146
e 393 382 822
e 393 383 385
e 393 385 878
e 393 388 307
e 388 379 220
e 388 380 471
e 388 384 759
e 388 390 99
e 390 379 93
e 390 380 614
e 390 381 58
e 390 383 470
e 390 384 71
e 390 387 761
e 390 392 12
e 392 379 538
e 392 380 126
e 392 381 884
e 392 382 945
e 392 386 547
e 392 387 289
e 392 391 376
e 391 379 485
e 391 380 180
e 391 381 651
e 391 384 703
e 391 385 443
e 391 387 556
e 387 379 999
e 387 382 486
e 387 384 207
e 387 385 183
e 387 386 562
e 386 379 52
e 386 380 606
e 386 381 415
e 386 382 619
e 386 385 813
e 386 400 692
e 386 402 44
e 402 395 333
e 402 396 115
e 402 399 573
e 402 401 253
e 402 403 529
e 403 395 497
e 403 397 307
e 403 399 137
e 403 401 554
e 401 396 600
e 401 399 197
e 401 405 563
e 401 410 804
e 401 411 694
e 401 412 859
e 401 415 348
e 401 416 887
e 401 420 921
e 420 415 109
e 420 416 473
e 420 419 815
e 420 421 576
e 421 417 532
e 421 418 541
e 421 419 124
e 418 413 253
e 418 414 217
e 418 416 134
e 418 417 682
e 417 413 13
e 417 414 783
e 417 416 508
e 416 414 85
e 412 404 854
e 412 405 37
e 412 406 198
e 412 410 669
e 412 411 252
e 411 404 712
e 404 405 424
e 404 407 464
e 404 409 243
e 409 405 364
e 409 406 600
e 409 407 706
e 409 410 207
e 410 405 428
e 410 407 968
e 407 408 244
e 408 405 362
e 399 396 826
e 399 397 953
e 397 400 225
e 400 396 748
e 400 398 764
e 398 396 17
e 398 422 437
e 398 423 444
e 398 426 698
e 398 429 184
e 398 430 775
e 430 422 424
e 430 423 322
e 430 424 339
e 430 425 434
e 430 426 470
e 426 424 648
e 426 428 429
e 426 429 654
e 429 425 661
e 425 423 953
e 425 424 411
e 424 422 944
e 424 423 465
e 423 428 780
e 428 427 160
e 427 422 446
e 396 395 909
e 385 389 895
e 389 380 936
e 389 382 819
e 382 381 317
e 381 383 610
e 383 380 547
e 380 384 952
e 207 200 747
e 207 201 278
e 207 203 456
e 207 206 543
e 206 199 939
e 206 200 815
e 206 201 482
e 206 202 524
e 206 203 775
e 206 204 18
e 204 199 884
e 204 200 623
e 204 201 375
e 204 202 293
e 202 199 975
e 202 203 599
e 202 212 92
e 202 213 607
e 202 214 848
e 202 216 680
e 202 219 598
e 202 220 837
e 202 221 206
e 202 243 337
e 202 244 148
e 202 245 520
e 202 246 523
e 202 247 33
e 202 249 380
e 202 268 27
e 202 269 499
e 202 271 164
e 202 272 921
e 202 273 285
e 202 274 581
e 202 276 87
e 276 268 62
e 276 270 847
e 276 273 43
e 276 277 450
e 277 268 88
e 277 272 686
e 277 273 959
e 277 275 289
e 275 269 601
e 275 273 919
e 273 274 440
e 274 268 371
e 274 270 890
e 274 271 12
e 274 281 546
e 274 282 67
e 274 284 89
e 274 286 363
e 274 288 140
e 274 289 705
e 274 331 551
e 274 334 975
e 274 337 549
e 274 340 317
e 274 341 930
e 274 342 982
e 342 330 668
e 342 333 88
e 342 335 526
e 342 336 230
e 342 337 489
e 342 338 562
e 342 339 141
e 342 345 166
e 345 331 370
e 345 332 559
e 345 335 387
e 345 336 709
e 345 338 534
e 345 339 721
e 345 344 764
e 344 333 58
e 344 334 666
e 344 335 387
e 344 339 373
e 344 343 422
e 343 338 680
e 343 340 809
e 343 346 30
e 343 347 731
e 343 354 84
e 343 357 976
e 343 359 671
e 343 362 558
e 362 347 704
e 362 350 963
e 362 351 21
e 362 359 618
e 362 360 424
e 360 348 112
e 360 349 137
e 360 351 614
e 360 356 903
e 360 357 1000
e 360 358 984
e 360 363 314
e 363 347 80
e 363 348 819
e 363 349 92
e 363 350 971
e 363 351 802
e 363 353 935
e 363 355 93
e 363 357 606
e 363 358 820
e 363 361 644
e 361 347 479
e 361 348 548
e 361 349 62
e 361 350 733
e 361 351 638
e 361 352 723
e 361 358 685
e 361 359 573
e 359 352 992
e 359 353 984
e 359 355 555
e 359 358 59
e 358 346 642
e 358 349 348
e 358 352 897
e 358 354 515
e 358 357 823
e 357 346 382
e 357 348 692
e 357 352 787
e 357 354 433
e 357 364 919
e 357 367 441
e 357 369 489
e 357 373 205
e 357 375 463
e 357 377 828
e 377 372 474
e 377 378 516
e 378 368 651
e 368 364 953
e 368 365 627
e 368 367 810
e 368 369 560
e 368 370 167
e 368 371 372
e 368 375 579
e 368 376 327
e 376 364 317
e 376 365 11
e 376 369 767
e 376 373 986
e 373 370 558
e 373 374 508
e 374 366 100
e 374 367 260
e 374 369 802
e 374 370 415
e 374 372 988
e 372 369 782
e 369 364 950
e 369 366 343
e 364 371 637
e 371 367 268
e 371 370 693
e 371 375 984
e 375 365 501
e 375 370 226
e 370 365 57
e 370 367 710
e 367 365 75
e 354 346 641
e 354 348 24
e 354 349 387
e 354 351 428
e 351 349 138
e 351 350 404
e 351 355 424
e 355 349 511
e 355 350 577
e 350 349 577
e 349 347 667
e 349 348 496
e 349 353 593
e 349 356 844
e 356 347 930
e 356 353 308
e 353 347 732
e 347 348 541
e 347 352 24
e 352 348 295
e 340 332 557
e 340 333 234
e 340 335 83
e 340 337 121
e 340 338 516
e 340 339 963
e 340 341 918
e 341 332 455
e 341 335 303
e 341 337 265
e 337 329 871
e 337 331 649
e 337 332 616
e 337 333 792
e 337 334 480
e 337 336 519
e 337 338 656
e 337 339 448
e 339 329 100
e 339 333 203
e 339 334 423
e 339 336 124
e 336 331 588
e 336 333 389
e 336 335 695
e 335 329 495
e 335 332 257
e 335 333 728
e 335 334 413
e 334 329 553
e 334 331 911
e 334 332 364
e 334 338 286
e 338 329 509
e 338 330 786
e 329 331 48
e 332 333 202
e 289 281 65
e 289 282 632
e 289 283 413
e 289 286 161
e 289 287 526
e 289 288 61
e 288 280 178
e 288 282 155
e 288 283 712
e 283 281 920
e 283 282 447
e 282 280 340
e 282 284 221
e 282 285 528
e 282 287 758
e 282 290 608
e 282 292 687
e 282 293 717
e 282 294 899
e 282 295 734
e 282 296 834
e 282 298 821
e 298 290 558
e 298 292 945
e 298 294 182
e 298 296 484
e 298 300 832
e 298 301 655
e 301 290 552
e 301 293 324
e 301 300 347
e 301 313 625
e 301 314 696
e 301 317 117
e 301 318 38
e 301 319 67
e 301 320 677
e 301 321 447
e 301 322 274
e 301 326 167
e 301 328 164
e 328 315 24
e 328 317 346
e 328 318 945
e 328 320 594
e 328 322 666
e 328 326 205
e 328 327 719
e 327 313 176
e 327 314 134
e 327 316 146
e 327 317 978
e 327 321 719
e 327 325 227
e 327 326 558
e 326 314 237
e 326 315 549
e 326 316 905
e 326 320 439
e 326 322 957
e 326 323 97
e 323 315 756
e 323 317 491
e 323 318 903
e 323 320 1000
e 320 317 475
e 320 318 549
e 320 321 328
e 321 314 221
e 321 315 593
e 321 317 459
e 321 318 178
e 321 324 763
e 321 325 994
e 325 322 482
e 322 316 884
e 322 319 626
e 319 315 303
e 319 316 520
e 319 318 596
e 319 324 826
e 324 314 475
e 324 317 549
e 317 313 862
e 317 314 847
e 316 315 82
e 300 290 656
e 300 292 327
e 300 296 916
e 300 297 562
e 300 299 496
e 299 290 585
e 299 296 821
e 296 290 112
e 296 292 791
e 296 293 207
e 296 295 686
e 295 290 904
e 295 292 11
e 295 293 878
e 295 294 963
e 294 290 473
e 294 292 730
e 294 293 520
e 293 290 268
e 293 291 348
e 291 292 146
e 292 290 413
e 292 297 926
e 290 305 468
e 290 306 636
e 290 311 90
e 290 312 283
e 312 302 847
e 312 304 134
e 312 308 975
e 312 310 83
e 310 302 374
e 310 303 187
e 310 304 674
e 310 305 589
e 310 308 302
e 308 303 119
e 308 307 771
e 308 311 829
e 311 302 856
e 311 303 632
e 311 307 339
e 307 302 791
e 307 306 743
e 307 309 365
e 309 303 866
e 309 304 430
e 309 305 25
e 305 302 139
e 305 303 224
e 302 304 780
e 287 279 29
e 279 281 819
e 279 284 661
e 279 285 39
e 284 280 604
e 284 281 829
e 281 286 98
e 271 269 863
e 271 272 19
e 271 278 528
e 278 268 419
e 268 272 928
e 272 270 165
e 270 269 515
e 249 242 17
e 249 243 99
e 249 245 381
e 249 246 520
e 246 240 145
e 246 243 20
e 246 245 266
e 246 247 301
e 246 248 624
e 248 241 320
e 248 245 642
e 245 242 245
e 245 243 636
e 245 247 944
e 247 241 673
e 247 242 443
e 242 243 512
e 243 241 549
e 241 244 455
e 241 250 423
e 241 251 457
e 241 253 194
e 241 257 147
e 241 258 638
e 241 262 613
e 241 266 547
e 241 267 83
e 267 251 542
e 267 253 961
e 267 254 626
e 267 256 142
e 267 259 23
e 267 262 961
e 267 263 913
e 267 264 42
e 267 265 197
e 267 266 203
e 266 250 689
e 266 253 943
e 266 257 752
e 266 260 442
e 266 261 126
e 266 262 70
e 266 264 375
e 264 251 338
e 264 253 87
e 264 254 518
e 264 255 402
e 264 257 820
e 264 260 530
e 264 262 858
e 264 263 506
e 264 265 143
e 265 250 48
e 265 251 111
e 265 253 830
e 265 255 225
e 265 257 797
e 265 258 206
e 265 259 519
e 265 260 481
e 265 262 195
e 262 250 70
e 262 251 752
e 262 252 466
e 262 253 490
e 262 254 874
e 262 255 212
e 262 256 699
e 262 257 280
e 262 260 349
e 262 261 379
e 261 253 964
e 261 254 218
e 261 255 306
e 261 260 223
e 260 250 609
e 260 251 912
e 260 254 393
e 260 257 949
e 260 258 848
e 258 250 136
e 258 254 942
e 254 251 312
e 254 252 153
e 254 253 64
e 254 255 85
e 254 257 748
e 254 259 188
e 254 263 541
e 263 257 644
e 257 250 629
e 257 251 865
e 257 256 349
e 257 259 677
e 259 256 328
e 256 253 836
e 253 250 173
e 253 252 252
e 252 251 973
e 244 240 815
e 221 211 778
e 221 212 563
e 221 216 330
e 216 213 190
e 213 210 536
e 213 211 845
e 213 219 407
e 219 210 490
e 219 214 950
e 219 217 333
e 219 220 733
e 219 222 646
e 219 224 826
e 219 225 218
e 219 227 469
e 219 230 687
e 219 232 976
e 219 239 950
e 239 224 936
e 239 225 93
e 239 226 384
e 239 229 406
e 239 232 184
e 239 236 555
e 239 238 155
e 238 223 838
e 238 224 699
e 238 226 24
e 238 231 991
e 238 232 372
e 238 235 703
e 235 225 838
e 235 230 933
e 235 231 599
e 235 234 711
e 235 237 892
e 237 223 280
e 237 224 454
e 237 226 182
e 237 229 291
e 237 232 692
e 237 234 353
e 237 236 526
e 236 223 194
e 236 227 724
e 236 228 416
e 236 229 243
e 236 230 354
e 230 225 66
e 230 226 842
e 230 231 813
e 230 232 994
e 232 224 289
e 232 226 491
e 232 227 11
e 232 228 95
e 232 233 757
e 232 234 538
e 234 222 827
e 234 224 757
e 234 225 913
e 234 228 689
e 234 233 790
e 233 224 824
e 233 225 91
e 233 228 669
e 233 229 383
e 233 231 676
e 231 222 36
e 231 226 141
e 231 228 861
e 231 229 380
e 229 222 848
e 229 223 574
e 229 224 284
e 229 225 836
e 229 228 163
e 228 224 506
e 228 227 568
e 227 223 342
e 227 224 43
e 224 223 292
e 224 226 53
e 226 223 661
e 226 225 548
e 225 223 530
e 223 222 413
e 220 210 583
e 220 217 853
e 217 211 699
e 217 212 525
e 217 215 976
e 215 218 333
e 218 210 821
e 218 211 398
e 211 210 109
e 210 212 111
e 203 199 780
e 199 200 355
e 178 163 819
e 178 164 97
e 178 166 895
e 178 167 217
e 178 170 676
e 178 171 874
e 178 173 938
e 178 174 300
e 178 176 376
e 178 177 161
e 177 162 661
e 177 164 518
e 177 166 348
e 177 171 740
e 177 173 286
e 177 175 167
e 175 166 891
e 175 168 315
e 175 171 643
e 175 176 859
e 176 163 943
e 176 165 233
e 176 170 750
e 176 171 834
e 176 179 761
e 179 162 921
e 179 163 334
e 179 168 433
e 179 169 64
e 179 171 302
e 179 174 675
e 179 180 648
e 180 163 83
e 180 164 896
e 180 167 922
e 180 168 96
e 180 170 118
e 180 171 973
e 171 164 16
e 171 167 366
e 171 168 468
e 171 174 656
e 174 165 275
e 174 166 593
e 174 168 763
e 174 172 644
e 174 173 591
e 174 185 314
e 174 191 209
e 174 192 972
e 174 194 589
e 174 196 515
e 174 197 150
e 197 186 78
e 197 190 66
e 197 191 567
e 197 192 718
e 197 194 726
e 197 198 304
e 198 183 356
e 198 184 830
e 198 186 913
e 198 188 723
e 198 194 595
e 198 196 140
e 196 181 207
e 196 182 717
e 196 191 281
e 196 192 329
e 196 194 394
e 196 195 40
e 195 181 678
e 195 187 433
e 195 189 18
e 195 190 42
e 195 192 280
e 195 193 613
e 193 182 414
e 193 185 517
e 193 187 647
e 193 188 392
e 193 191 579
e 193 192 558
e 193 194 742
e 194 182 895
e 194 183 294
e 194 184 801
e 194 186 141
e 194 187 679
e 194 191 489
e 191 182 739
e 191 183 658
e 191 185 160
e 191 188 731
e 191 189 620
e 191 190 679
e 190 182 350
e 190 184 895
e 190 185 202
e 190 186 648
e 190 188 562
e 190 189 638
e 189 181 602
e 189 188 325
e 188 182 314
e 188 185 23
e 188 187 796
e 188 192 273
e 192 181 624
e 192 186 950
e 192 187 873
e 187 182 70
e 187 183 627
e 187 185 760
e 187 186 117
e 185 181 553
e 185 182 493
e 185 184 996
e 184 181 68
e 184 183 558
e 183 182 670
e 173 162 867
e 173 165 436
e 173 167 318
e 173 169 550
e 169 163 85
e 169 164 756
e 169 167 909
e 169 172 139
e 172 162 478
e 172 163 611
e 172 164 476
e 164 162 874
e 164 165 213
e 164 166 813
e 164 170 239
e 170 166 499
e 170 167 976
e 170 168 377
e 168 165 875
e 168 167 988
e 167 163 203
e 163 162 776
e 163 166 848
e 166 162 717
e 166 165 612
e 142 138 222
e 138 144 347
e 49 34 811
e 49 36 541
e 49 39 720
e 49 42 277
e 49 44 472
e 49 45 234
e 49 47 876
e 49 50 536
e 50 34 498
e 50 35 104
e 50 42 609
e 50 44 48
e 50 45 50
e 50 47 850
e 50 48 57
e 48 34 490
e 48 38 925
e 48 43 734
e 43 37 692
e 43 38 653
e 43 45 769
e 43 46 443
e 43 47 637
e 47 33 723
e 47 44 209
e 47 45 563
e 47 78 228
e 47 80 549
e 47 83 402
e 47 84 206
e 47 87 946
e 47 90 673
e 90 80 206
e 90 81 141
e 90 83 636
e 83 78 119
e 83 79 75
e 83 82 903
e 83 87 46
e 83 89 16
e 89 80 807
e 89 84 521
e 89 85 976
e 89 88 450
e 88 77 397
e 88 78 554
e 88 81 245
e 88 86 723
e 88 87 765
e 87 77 698
e 87 82 600
e 87 84 102
e 87 86 731
e 86 77 868
e 86 78 567
e 86 80 877
e 86 84 659
e 80 78 315
e 80 82 471
e 82 77 487
e 77 85 231
e 85 79 46
e 85 81 916
e 85 91 856
e 85 93 121
e 85 96 684
e 85 97 760
e 85 99 93
e 85 100 99
e 85 110 155
e 85 113 880
e 85 115 254
e 85 119 819
e 85 125 910
e 85 126 451
e 126 118 416
e 126 122 593
e 126 123 895
e 126 128 999
e 128 111 919
e 128 112 642
e 128 114 370
e 128 116 605
e 128 118 20
e 128 119 474
e 128 124 480
e 128 125 355
e 125 111 586
e 125 113 361
e 125 116 74
e 125 117 897
e 125 123 473
e 123 115 588
e 123 116 914
e 123 119 95
e 123 120 95
e 120 111 551
e 120 113 248
e 120 117 705
e 120 119 623
e 120 121 771
e 120 122 499
e 120 127 830
e 127 110 926
e 127 114 589
e 127 115 733
e 127 117 47
e 127 118 879
e 127 122 43
e 127 124 458
e 124 110 499
e 124 111 591
e 124 119 670
e 124 122 759
e 122 110 507
e 122 113 469
e 122 117 519
e 122 118 789
e 118 113 800
e 118 115 766
e 115 111 563
e 115 117 757
e 115 121 81
e 121 111 975
e 121 113 135
e 113 110 894
e 113 114 110
e 113 117 967
e 117 110 980
e 117 114 937
e 117 116 710
e 117 119 927
e 119 110 211
e 110 111 66
e 110 114 870
e 110 116 569
e 116 111 252
e 116 114 607
e 114 112 782
e 112 129 581
e 112 132 970
e 112 133 698
e 112 134 884
e 112 137 456
e 137 129 731
e 137 136 931
e 136 130 329
e 136 131 540
e 136 132 295
e 136 133 433
e 136 134 316
e 134 129 762
e 134 130 283
e 134 131 467
e 131 132 487
e 132 135 613
e 135 129 563
e 135 130 976
e 130 129 833
e 129 133 277
e 100 98 211
e 98 93 156
e 98 94 781
e 98 101 91
e 98 102 350
e 102 103 90
e 102 107 460
e 102 108 309
e 102 109 136
e 109 101 642
e 109 103 703
e 109 104 234
e 109 108 806
e 108 103 406
e 108 106 796
e 108 107 871
e 107 105 376
e 107 106 220
e 105 101 947
e 105 103 207
e 105 104 423
e 104 101 774
e 101 103 941
e 94 92 128
e 94 96 395
e 94 97 160
e 97 91 190
e 97 93 673
e 97 95 728
e 97 96 824
e 96 92 970
e 96 95 670
e 96 99 161
e 99 93 356
e 93 91 710
e 93 92 449
e 93 95 833
e 95 91 614
e 91 92 80
e 81 78 679
e 81 79 690
e 45 33 546
e 45 36 930
e 45 37 562
e 45 41 484
e 45 42 266
e 42 35 817
e 42 39 887
e 42 41 332
e 42 44 67
e 42 46 155
e 46 34 257
e 46 37 492
e 46 39 505
e 46 40 911
e 46 41 670
e 46 44 118
e 46 61 464
e 46 64 90
e 46 69 773
e 46 76 853
e 76 62 464
e 76 65 320
e 76 68 208
e 76 73 100
e 76 75 435
e 75 61 586
e 75 63 375
e 75 64 77
e 75 65 496
e 75 69 844
e 75 70 673
e 75 74 449
e 74 61 383
e 74 65 949
e 74 66 965
e 74 69 321
e 74 70 923
e 74 71 134
e 74 72 701
e 72 61 733
e 72 70 800
e 72 73 784
e 73 63 494
e 73 69 75
e 69 61 377
e 69 64 142
e 69 66 599
e 69 67 338
e 69 68 986
e 69 70 216
e 70 62 148
e 70 63 773
e 70 64 138
e 64 65 371
e 64 68 402
e 68 63 156
e 68 66 34
e 66 61 894
e 66 62 939
e 62 67 474
e 67 71 924
e 71 63 466
e 63 61 647
e 61 65 29
e 44 34 44
e 44 35 591
e 44 37 408
e 37 34 668
e 37 36 441
e 37 38 541
e 37 40 837
e 40 38 712
e 40 39 809
e 39 34 214
e 39 38 28
e 38 33 180
e 33 34 49
e 33 35 926
e 33 41 936
e 41 34 984
e 41 36 282
e 41 51 65
e 41 54 467
e 41 58 637
e 41 59 219
e 59 52 446
e 59 53 378
e 59 55 894
e 59 56 469
e 59 57 903
e 59 58 467
e 58 51 952
e 58 53 847
e 58 54 800
e 58 57 673
e 57 52 493
e 57 53 644
e 57 55 878
e 57 56 408
e 56 60 609
e 60 51 489
e 60 52 222
e 52 51 360
e 52 54 523
e 52 55 972
e 55 53 945
e 36 35 321
e 35 34 514
e 6 3 330
e 6 4 216
e 6 15 649
e 6 19 626
e 6 20 189
e 6 22 929
e 6 23 764
e 23 15 418
e 23 16 646
e 23 20 143
e 23 22 345
e 22 17 500
e 22 19 490
e 22 20 886
e 22 21 450
e 21 18 16
e 18 15 653
e 18 19 583
e 18 20 574
e 19 15 451
e 19 17 605
e 17 16 130
e 3 2 848
