c solution = 5,1698
p edge 343 1765
e 1 2 678
e 1 4 416
e 1 6 764
e 1 8 361
e 1 11 18
e 1 12 315
e 1 13 328
e 1 14 788
e 1 21 837
e 1 24 623
e 1 27 532
e 1 29 556
e 1 30 714
e 1 328 56
e 1 330 385
e 1 334 920
e 1 336 255
e 336 325 718
e 336 327 432
e 336 335 360
e 336 339 673
e 336 340 277
e 340 320 662
e 340 323 693
e 340 326 608
e 340 327 215
e 340 328 239
e 340 330 550
e 340 332 625
e 340 333 136
e 340 334 737
e 340 335 453
e 340 337 294
e 340 342 131
e 340 343 786
e 343 321 615
e 343 322 290
e 343 323 249
e 343 325 112
e 343 326 805
e 343 329 91
e 343 330 980
e 343 331 770
e 343 332 156
e 343 333 976
e 343 337 863
e 343 339 365
e 343 341 959
e 341 321 776
e 341 322 774
e 341 323 534
e 341 324 812
e 341 325 97
e 341 326 318
e 341 328 143
e 341 330 380
e 341 333 899
e 341 338 953
e 341 339 867
e 339 321 943
e 339 323 344
e 339 324 91
e 339 328 82
e 339 329 748
e 339 337 766
e 339 342 865
e 342 321 486
e 342 328 779
e 342 332 511
e 342 333 458
e 342 335 172
e 342 337 413
e 342 338 845
e 338 320 209
e 338 321 125
e 338 328 687
e 338 330 61
e 338 331 360
e 338 332 611
e 338 333 863
e 338 337 884
e 337 322 744
e 337 324 294
e 337 326 698
e 337 327 502
e 337 328 773
e 337 330 307
e 337 333 734
e 337 334 797
e 337 335 948
e 335 320 13
e 335 321 306
e 335 326 491
e 335 328 885
e 335 331 692
e 331 321 386
e 331 327 305
e 331 328 72
e 331 329 420
e 331 330 761
e 331 333 25
e 331 334 507
e 334 320 904
e 334 323 662
e 334 325 494
e 334 332 542
e 334 333 308
e 333 321 494
e 333 324 183
e 333 325 174
e 333 327 105
e 333 328 12
e 333 329 609
e 329 323 929
e 329 325 826
e 329 328 703
e 328 320 160
e 328 322 482
e 328 323 163
e 328 325 967
e 328 326 878
e 328 327 103
e 327 320 470
e 327 321 563
e 327 324 304
e 324 321 602
e 324 326 246
e 324 330 378
e 330 321 465
e 330 325 210
e 325 320 429
e 325 321 317
e 325 332 157
e 332 323 153
e 323 320 434
e 323 321 457
e 321 326 954
e 326 320 654
e 320 322 661
e 30 4 165
e 30 5 400
e 30 8 345
e 30 10 505
e 30 12 431
e 30 14 957
e 30 15 627
e 30 16 457
e 30 17 214
e 30 18 321
e 30 23 653
e 30 26 720
e 30 28 416
e 30 29 112
e 30 35 647
e 30 37 156
e 30 39 338
e 30 40 321
e 30 43 75
e 30 45 46
e 30 51 549
e 30 53 471
e 30 57 877
e 57 33 644
e 57 34 673
e 57 39 208
e 57 40 701
e 57 41 698
e 57 49 902
e 57 54 752
e 57 56 782
e 56 31 609
e 56 32 536
e 56 34 609
e 56 37 138
e 56 40 784
e 56 46 450
e 56 52 140
e 56 53 600
e 56 59 673
e 59 31 443
e 59 33 378
e 59 38 965
e 59 43 916
e 59 48 944
e 59 49 330
e 59 51 133
e 59 52 760
e 59 53 352
e 59 55 915
e 59 58 430
e 58 31 769
e 58 33 847
e 58 34 903
e 58 39 216
e 58 41 397
e 58 42 690
e 58 49 374
e 58 50 566
e 58 51 94
e 51 31 266
e 51 33 446
e 51 34 894
e 51 35 733
e 51 37 371
e 51 38 320
e 51 41 541
e 51 42 567
e 51 47 983
e 51 55 406
e 55 31 277
e 55 32 57
e 55 33 945
e 55 34 469
e 55 37 142
e 55 41 294
e 55 43 673
e 55 45 521
e 55 50 534
e 55 53 349
e 53 32 850
e 53 34 408
e 53 35 383
e 53 36 773
e 53 38 34
e 53 40 134
e 53 42 554
e 53 45 102
e 53 46 765
e 53 47 181
e 53 50 597
e 50 31 67
e 50 38 496
e 50 39 986
e 50 44 903
e 50 45 636
e 50 46 723
e 50 49 835
e 50 52 86
e 52 31 155
e 52 32 876
e 52 33 222
e 52 43 946
e 52 45 659
e 52 54 884
e 54 35 586
e 54 37 402
e 54 38 599
e 54 44 600
e 54 47 26
e 54 49 810
e 49 33 493
e 49 34 878
e 49 37 375
e 49 38 949
e 49 40 673
e 49 41 568
e 49 43 206
e 49 44 141
e 49 45 16
e 49 46 731
e 49 48 581
e 48 35 377
e 48 36 90
e 48 40 923
e 48 42 119
e 48 43 402
e 48 47 926
e 47 33 972
e 47 37 494
e 47 41 995
e 47 44 245
e 47 45 46
e 47 46 976
e 46 32 50
e 46 33 523
e 46 36 464
e 46 40 800
e 46 41 435
e 46 42 679
e 42 32 48
e 42 33 952
e 42 35 464
e 42 40 75
e 42 44 315
e 42 45 228
e 45 32 234
e 45 34 800
e 45 35 894
e 45 37 466
e 45 43 206
e 43 31 484
e 43 32 563
e 43 33 489
e 43 40 844
e 43 41 100
e 43 44 807
e 44 31 670
e 44 35 29
e 44 37 773
e 44 39 924
e 44 41 449
e 41 31 332
e 41 32 472
e 41 34 219
e 41 36 148
e 36 31 911
e 36 33 385
e 36 34 467
e 36 35 467
e 36 37 939
e 36 38 474
e 38 32 118
e 38 37 853
e 38 40 77
e 40 34 637
e 34 32 734
e 32 33 637
e 32 39 209
e 33 35 110
e 33 37 65
e 29 3 993
e 29 4 879
e 29 6 76
e 29 12 504
e 29 13 877
e 29 14 639
e 29 18 498
e 29 27 685
e 27 2 624
e 27 3 475
e 27 4 846
e 27 8 143
e 27 10 30
e 27 12 868
e 27 18 490
e 27 19 591
e 27 22 562
e 27 23 712
e 27 26 505
e 26 6 620
e 26 7 130
e 26 8 886
e 26 10 803
e 26 11 408
e 26 13 225
e 26 15 429
e 26 16 835
e 26 17 514
e 26 21 541
e 26 22 408
e 26 25 809
e 25 7 418
e 25 9 972
e 25 11 415
e 25 12 941
e 25 18 257
e 25 19 817
e 25 22 692
e 25 23 28
e 25 28 887
e 28 3 100
e 28 8 450
e 28 10 519
e 28 13 448
e 28 16 918
e 28 17 668
e 28 18 811
e 28 20 282
e 28 21 541
e 28 22 492
e 28 24 925
e 24 2 113
e 24 6 823
e 24 9 591
e 24 10 939
e 24 11 115
e 11 8 605
e 11 20 680
e 20 2 552
e 20 4 966
e 20 5 294
e 20 7 653
e 20 10 345
e 20 13 429
e 20 14 274
e 20 15 177
e 20 17 639
e 20 18 984
e 20 22 104
e 20 23 441
e 23 2 238
e 23 5 157
e 23 6 281
e 23 8 490
e 23 10 905
e 23 13 309
e 23 15 724
e 23 16 737
e 23 18 44
e 18 6 270
e 18 8 16
e 18 9 11
e 18 10 256
e 10 4 502
e 10 15 629
e 10 17 607
e 10 22 267
e 22 4 866
e 22 5 746
e 22 9 993
e 22 13 194
e 22 15 471
e 22 16 295
e 22 21 930
e 21 2 358
e 21 4 82
e 21 5 160
e 21 7 451
e 21 14 695
e 21 16 107
e 16 3 306
e 16 4 151
e 16 6 556
e 16 7 929
e 16 8 583
e 16 9 502
e 16 13 380
e 16 14 488
e 14 7 189
e 14 8 500
e 14 15 43
e 15 2 303
e 15 9 631
e 9 5 887
e 9 6 50
e 9 7 649
e 9 8 646
e 9 12 560
e 9 19 326
e 19 5 116
e 19 13 18
e 19 62 765
e 19 64 674
e 64 62 27
e 64 68 226
e 64 69 640
e 64 133 207
e 64 134 350
e 64 136 117
e 64 137 562
e 64 139 394
e 64 141 599
e 64 145 206
e 64 150 525
e 64 154 563
e 64 157 190
e 64 160 407
e 64 179 266
e 64 180 70
e 64 181 542
e 64 183 541
e 64 184 349
e 64 185 820
e 64 188 913
e 64 191 757
e 64 192 96
e 64 197 215
e 64 198 93
e 64 199 872
e 64 200 245
e 64 201 477
e 64 202 78
e 202 179 173
e 202 182 748
e 202 183 402
e 202 184 949
e 202 185 638
e 202 188 64
e 202 189 514
e 202 191 353
e 202 194 863
e 202 197 19
e 202 199 528
e 202 201 921
e 201 184 677
e 201 188 736
e 201 193 928
e 201 194 515
e 201 196 890
e 201 198 164
e 198 182 961
e 198 184 142
e 198 186 530
e 198 187 961
e 198 188 547
e 198 190 887
e 198 194 62
e 198 200 12
e 200 179 503
e 200 180 865
e 200 182 85
e 200 183 212
e 200 186 442
e 200 187 506
e 200 190 239
e 200 191 559
e 200 194 419
e 200 195 601
e 195 180 973
e 195 182 87
e 195 186 223
e 195 187 858
e 195 188 197
e 195 189 679
e 195 190 676
e 195 191 320
e 195 192 637
e 195 194 371
e 195 199 499
e 199 181 466
e 199 182 194
e 199 183 306
e 199 185 206
e 199 186 481
e 199 187 613
e 199 188 83
e 199 191 21
e 199 194 88
e 199 196 165
e 199 197 847
e 197 180 312
e 197 182 943
e 197 187 70
e 197 188 203
e 197 193 311
e 193 179 624
e 193 182 490
e 193 184 699
e 193 186 23
e 193 191 100
e 193 196 131
e 196 182 830
e 196 186 349
e 196 187 195
e 196 194 27
e 196 203 581
e 196 205 544
e 196 206 991
e 196 208 447
e 196 210 552
e 196 213 686
e 196 214 734
e 196 220 834
e 196 222 484
e 196 223 821
e 196 224 916
e 196 227 821
e 227 203 84
e 227 207 89
e 227 210 687
e 227 211 182
e 227 212 780
e 227 213 187
e 227 215 365
e 227 217 862
e 227 221 237
e 227 223 549
e 227 224 520
e 227 226 905
e 226 203 499
e 226 204 623
e 226 206 29
e 226 209 608
e 226 210 791
e 226 213 866
e 226 215 771
e 226 218 176
e 226 219 274
e 226 220 847
e 226 222 303
e 226 225 884
e 226 228 146
e 228 203 304
e 228 204 111
e 228 209 558
e 228 210 926
e 228 212 139
e 228 214 25
e 228 218 696
e 228 221 134
e 228 222 593
e 228 229 475
e 229 203 324
e 229 205 658
e 229 207 363
e 229 209 585
e 229 210 945
e 229 213 632
e 229 214 589
e 229 223 24
e 223 203 450
e 223 205 912
e 223 206 661
e 223 208 413
e 223 209 473
e 223 211 963
e 223 212 347
e 223 215 636
e 223 216 975
e 223 217 625
e 223 219 67
e 223 220 164
e 223 222 82
e 223 224 756
e 224 206 39
e 224 207 65
e 224 209 904
e 224 210 730
e 224 212 458
e 224 214 134
e 224 219 677
e 219 205 639
e 219 206 819
e 219 207 829
e 219 212 832
e 219 213 856
e 219 215 743
e 219 217 90
e 219 221 117
e 219 222 38
e 219 225 447
e 225 207 67
e 225 209 112
e 225 210 11
e 225 211 899
e 225 213 119
e 225 221 475
e 221 203 289
e 221 205 517
e 221 207 98
e 221 209 413
e 221 212 496
e 221 214 674
e 221 220 167
e 221 222 221
e 222 208 712
e 222 209 268
e 222 211 324
e 222 213 224
e 222 216 829
e 216 205 176
e 216 207 546
e 216 208 155
e 216 209 526
e 216 211 207
e 216 212 562
e 216 215 468
e 216 217 339
e 216 220 302
e 220 212 655
e 220 213 847
e 220 214 430
e 220 217 283
e 217 203 87
e 217 208 632
e 217 209 61
e 217 211 717
e 217 213 374
e 217 218 83
e 218 204 621
e 218 207 920
e 218 209 744
e 209 203 43
e 209 204 525
e 209 206 858
e 209 207 340
e 209 214 161
e 214 204 522
e 214 205 931
e 214 207 178
e 214 211 520
e 214 213 791
e 213 204 730
e 213 208 528
e 213 210 348
e 210 203 959
e 210 204 467
e 210 206 196
e 210 208 140
e 210 211 656
e 210 212 146
e 212 204 506
e 212 205 116
e 212 208 221
e 212 211 327
e 211 207 604
e 211 208 705
e 211 215 878
e 215 204 671
e 215 205 478
e 215 208 758
e 208 204 973
e 208 205 530
e 205 203 897
e 205 204 327
e 205 207 319
e 207 203 337
e 207 204 556
e 204 206 453
e 194 179 520
e 194 180 423
e 194 185 848
e 194 189 459
e 194 191 155
e 191 179 381
e 191 180 48
e 191 181 153
e 191 186 519
e 191 187 126
e 191 188 375
e 191 233 100
e 191 234 668
e 191 235 370
e 191 236 728
e 191 242 373
e 191 243 721
e 191 244 918
e 191 246 809
e 191 253 137
e 191 256 976
e 191 259 644
e 191 262 959
e 191 264 650
e 191 266 953
e 191 267 950
e 191 269 637
e 191 274 317
e 274 253 971
e 274 254 723
e 274 261 558
e 274 263 205
e 274 266 538
e 274 267 606
e 274 268 988
e 274 270 146
e 274 272 819
e 274 273 945
e 274 275 785
e 274 277 187
e 274 278 895
e 274 282 935
e 274 283 445
e 274 286 770
e 274 287 366
e 274 290 392
e 274 291 937
e 274 292 319
e 292 279 110
e 292 286 595
e 292 287 24
e 292 288 275
e 292 289 403
e 292 290 858
e 292 291 572
e 291 280 218
e 291 282 144
e 291 288 654
e 288 279 556
e 288 281 217
e 288 290 769
e 290 277 703
e 290 278 562
e 290 287 350
e 290 289 251
e 289 277 71
e 289 278 748
e 289 279 289
e 289 286 166
e 289 287 62
e 287 277 759
e 287 278 878
e 287 279 761
e 279 277 470
e 279 282 547
e 279 284 939
e 284 280 307
e 284 282 603
e 284 286 119
e 286 277 207
e 286 281 376
e 286 283 814
e 283 281 12
e 283 282 478
e 283 285 623
e 285 278 443
e 285 280 960
e 285 282 39
e 282 277 385
e 282 278 183
e 282 280 99
e 280 278 191
e 278 281 813
e 275 256 903
e 275 257 424
e 275 260 651
e 275 261 415
e 275 264 516
e 275 266 672
e 275 271 619
e 275 273 822
e 273 253 963
e 273 259 268
e 273 260 327
e 273 266 485
e 273 269 415
e 273 270 884
e 273 276 385
e 273 296 382
e 273 297 805
e 273 298 756
e 273 300 428
e 273 303 187
e 273 304 435
e 273 305 299
e 273 307 407
e 273 309 217
e 273 310 508
e 273 311 887
e 273 312 134
e 273 314 473
e 273 317 682
e 317 296 916
e 317 298 33
e 317 299 464
e 317 303 343
e 317 304 194
e 317 307 981
e 317 308 85
e 317 314 411
e 317 316 698
e 317 318 184
e 317 319 775
e 319 293 909
e 319 300 244
e 319 301 669
e 319 303 251
e 319 306 329
e 319 310 815
e 319 311 437
e 319 312 465
e 312 293 757
e 312 294 225
e 312 296 675
e 312 297 229
e 312 301 804
e 312 304 246
e 312 308 253
e 312 311 124
e 312 315 446
e 312 318 424
e 318 293 965
e 318 294 764
e 318 295 208
e 318 297 330
e 318 300 198
e 318 302 400
e 318 305 874
e 318 307 624
e 318 308 783
e 318 309 109
e 318 310 541
e 318 311 944
e 318 313 780
e 318 314 648
e 318 315 339
e 315 294 307
e 315 298 320
e 315 299 424
e 315 300 600
e 315 301 207
e 315 302 13
e 315 304 966
e 315 305 714
e 315 306 818
e 315 309 348
e 315 313 953
e 315 314 322
e 314 297 280
e 314 298 88
e 314 301 859
e 314 304 301
e 314 307 194
e 314 310 921
e 314 313 444
e 313 297 33
e 313 299 601
e 313 301 694
e 313 302 485
e 313 304 676
e 313 306 665
e 313 311 576
e 311 293 583
e 311 294 953
e 311 295 44
e 311 298 389
e 311 299 447
e 311 300 37
e 311 302 764
e 311 304 760
e 311 307 580
e 311 310 532
e 310 295 529
e 310 298 558
e 310 304 356
e 310 306 296
e 310 307 416
e 310 308 13
e 308 293 556
e 308 294 115
e 308 295 253
e 308 300 563
e 308 303 849
e 303 293 813
e 303 298 775
e 303 299 144
e 303 300 712
e 303 301 706
e 303 302 252
e 303 305 440
e 303 309 954
e 303 316 906
e 316 295 401
e 316 302 281
e 316 306 41
e 306 293 693
e 306 294 748
e 306 298 292
e 306 299 435
e 306 307 270
e 306 309 267
e 309 295 554
e 309 296 497
e 309 297 578
e 309 299 194
e 309 300 364
e 300 294 333
e 300 295 197
e 300 297 610
e 300 301 243
e 300 304 854
e 300 307 362
e 307 294 600
e 307 295 692
e 307 297 577
e 307 304 612
e 304 293 354
e 304 294 17
e 304 296 49
e 304 298 661
e 304 299 775
e 304 301 968
e 301 294 497
e 301 295 573
e 301 296 210
e 301 299 429
e 299 293 721
e 299 296 420
e 296 305 763
e 305 293 715
e 305 294 826
e 305 298 713
e 305 302 377
e 302 295 137
e 298 293 216
e 298 297 630
e 276 257 314
e 276 258 343
e 276 259 260
e 276 261 226
e 276 262 988
e 276 264 828
e 276 267 471
e 276 268 317
e 276 270 278
e 276 271 486
e 271 254 897
e 271 256 93
e 271 257 573
e 271 261 489
e 271 263 986
e 271 264 463
e 271 267 547
e 271 268 180
e 271 270 58
e 270 254 787
e 270 255 515
e 270 258 11
e 270 259 810
e 270 262 984
e 270 266 220
e 270 268 614
e 270 269 610
e 270 272 651
e 272 253 733
e 272 254 992
e 272 257 618
e 272 259 710
e 272 260 579
e 272 261 693
e 272 266 93
e 272 267 952
e 272 268 126
e 268 260 372
e 268 261 767
e 268 266 52
e 268 267 165
e 268 269 936
e 269 255 433
e 269 257 820
e 269 258 501
e 269 263 508
e 269 266 999
e 266 253 577
e 266 255 84
e 266 257 984
e 266 260 560
e 266 261 802
e 266 263 474
e 263 254 21
e 254 253 844
e 254 255 428
e 254 257 424
e 254 261 614
e 254 262 638
e 254 264 802
e 264 257 606
e 264 258 57
e 264 259 100
e 264 261 782
e 261 253 404
e 261 255 984
e 261 257 1000
e 261 258 75
e 258 253 62
e 258 255 308
e 258 259 919
e 258 262 627
e 262 256 558
e 256 253 348
e 256 259 671
e 256 267 555
e 267 257 685
e 267 260 167
e 260 253 92
e 260 265 441
e 265 255 935
e 265 257 59
e 257 259 823
e 246 230 945
e 246 232 558
e 246 234 551
e 246 235 616
e 246 240 562
e 246 244 24
e 246 249 295
e 246 251 24
e 251 230 826
e 251 231 482
e 251 236 975
e 251 237 423
e 251 238 387
e 251 239 265
e 251 243 667
e 251 244 930
e 251 245 80
e 251 249 138
e 251 250 593
e 250 234 649
e 250 235 455
e 250 237 286
e 250 239 121
e 250 240 963
e 250 243 541
e 250 245 704
e 250 247 692
e 250 248 548
e 250 249 577
e 250 252 387
e 252 231 957
e 252 238 387
e 252 239 489
e 252 240 141
e 252 241 774
e 252 242 382
e 252 245 496
e 252 248 819
e 248 232 719
e 248 238 303
e 248 239 656
e 248 242 641
e 248 249 112
e 249 230 626
e 249 232 657
e 249 234 588
e 249 235 557
e 249 236 58
e 249 237 480
e 249 238 526
e 249 239 448
e 249 240 534
e 249 242 30
e 249 244 731
e 249 245 479
e 245 231 994
e 245 236 234
e 245 241 422
e 241 230 903
e 241 231 594
e 241 235 202
e 241 236 389
e 241 237 317
e 241 238 666
e 241 239 124
e 241 244 166
e 241 247 764
e 247 231 719
e 247 232 205
e 247 234 911
e 247 236 88
e 247 237 413
e 247 238 83
e 247 239 709
e 247 240 680
e 247 244 732
e 244 231 763
e 244 232 227
e 244 235 257
e 244 236 203
e 244 239 230
e 244 240 516
e 244 243 642
e 243 235 364
e 243 237 982
e 243 238 695
e 238 230 596
e 238 236 559
e 236 230 978
e 236 233 553
e 236 242 792
e 242 237 930
e 237 230 346
e 237 231 1000
e 237 232 97
e 237 233 495
e 237 234 786
e 237 239 549
e 239 230 549
e 239 233 871
e 239 240 519
e 240 230 178
e 240 231 439
e 240 233 509
e 233 230 549
e 230 232 491
e 232 234 666
e 231 235 328
e 188 182 836
e 188 183 874
e 188 185 644
e 188 187 379
e 188 190 143
e 188 192 42
e 192 179 301
e 192 180 689
e 192 182 964
e 192 183 626
e 192 185 147
e 192 189 690
e 189 179 944
e 189 181 457
e 189 183 518
e 189 185 797
e 185 180 136
e 185 183 188
e 185 184 225
e 185 187 280
e 185 190 752
e 190 179 642
e 190 181 252
e 190 184 328
e 184 180 629
e 184 181 752
e 184 183 942
e 183 179 99
e 183 186 393
e 183 187 218
e 187 180 609
e 187 181 111
e 181 179 959
e 181 182 912
e 181 186 338
e 186 182 64
e 160 132 68
e 160 134 658
e 160 135 202
e 160 136 873
e 160 138 742
e 160 140 278
e 160 141 775
e 160 142 740
e 160 143 845
e 160 144 837
e 160 148 342
e 160 149 280
e 160 150 289
e 160 151 548
e 160 152 91
e 160 155 182
e 160 157 11
e 157 133 972
e 157 135 760
e 157 138 329
e 157 139 47
e 157 140 375
e 157 142 588
e 157 145 333
e 157 147 848
e 157 148 292
e 157 150 284
e 157 151 454
e 157 154 842
e 157 156 24
e 156 132 622
e 156 133 209
e 156 134 627
e 156 136 796
e 156 138 280
e 156 139 975
e 156 141 992
e 156 143 583
e 156 144 680
e 156 145 976
e 156 150 506
e 156 152 66
e 156 158 384
e 156 159 568
e 159 133 589
e 159 139 884
e 159 140 482
e 159 141 728
e 159 142 149
e 159 144 598
e 159 146 733
e 159 147 36
e 159 148 661
e 159 149 194
e 159 151 936
e 159 152 218
e 159 153 93
e 159 154 491
e 159 158 469
e 158 135 23
e 158 137 18
e 158 138 718
e 158 139 780
e 158 140 102
e 158 148 530
e 158 151 699
e 158 154 141
e 154 136 78
e 154 137 620
e 154 138 558
e 154 139 355
e 154 141 723
e 154 142 543
e 154 143 821
e 154 144 848
e 154 146 853
e 154 150 53
e 154 151 757
e 154 153 913
e 153 134 558
e 153 137 638
e 153 139 173
e 153 142 780
e 153 144 607
e 153 146 333
e 153 151 824
e 153 155 838
e 155 135 830
e 155 136 913
e 155 140 654
e 155 143 490
e 155 150 43
e 155 152 836
e 152 132 648
e 152 137 723
e 152 138 567
e 152 139 304
e 152 140 147
e 152 141 783
e 152 144 92
e 152 145 950
e 152 151 826
e 151 132 25
e 151 135 801
e 151 136 141
e 151 138 281
e 151 139 140
e 151 140 747
e 151 142 537
e 151 144 778
e 151 146 330
e 151 148 827
e 151 149 574
e 151 150 838
e 151 161 669
e 151 162 406
e 151 172 473
e 151 175 558
e 151 176 133
e 151 177 956
e 151 178 128
e 178 163 692
e 178 166 439
e 178 171 549
e 178 174 337
e 178 175 523
e 178 177 380
e 177 161 380
e 177 166 399
e 177 170 815
e 177 172 320
e 177 173 245
e 177 174 17
e 177 175 520
e 177 176 33
e 176 162 354
e 176 165 555
e 176 167 705
e 176 168 181
e 176 172 673
e 176 175 148
e 175 162 933
e 175 163 538
e 175 166 422
e 175 167 764
e 175 168 905
e 175 173 512
e 175 174 443
e 174 163 757
e 174 165 526
e 174 169 148
e 169 163 599
e 169 167 306
e 167 161 861
e 167 162 243
e 167 163 676
e 167 166 155
e 167 168 358
e 167 171 530
e 167 173 676
e 173 163 976
e 173 164 790
e 173 172 455
e 172 161 416
e 172 162 687
e 172 164 950
e 172 165 703
e 172 166 856
e 172 171 145
e 171 162 994
e 171 163 991
e 171 165 892
e 171 166 109
e 166 164 184
e 166 165 711
e 166 168 109
e 166 170 637
e 170 161 689
e 170 162 813
e 170 168 620
e 168 161 95
e 168 162 291
e 168 165 353
e 165 161 163
e 165 164 372
e 164 161 128
e 164 162 383
e 162 161 658
e 150 133 314
e 150 134 717
e 150 140 815
e 150 142 369
e 150 147 396
e 147 134 414
e 147 135 895
e 147 136 648
e 147 137 392
e 147 139 40
e 147 141 524
e 147 144 699
e 144 133 678
e 144 137 325
e 144 138 42
e 144 140 544
e 144 148 398
e 148 132 609
e 148 134 895
e 148 138 579
e 148 140 623
e 148 143 111
e 148 149 646
e 149 136 950
e 149 138 489
e 149 140 587
e 149 141 780
e 149 142 462
e 149 143 536
e 143 132 761
e 143 134 314
e 143 135 996
e 143 142 456
e 143 145 230
e 143 146 109
e 146 137 273
e 146 139 595
e 146 141 859
e 146 142 18
e 142 132 376
e 142 134 70
e 142 135 356
e 142 141 394
e 142 145 612
e 145 132 161
e 145 134 739
e 145 137 731
e 145 138 66
e 145 139 726
e 145 141 293
e 141 133 624
e 141 140 939
e 140 132 792
e 140 134 493
e 140 137 433
e 140 138 679
e 140 139 613
e 139 136 517
e 139 137 679
e 137 136 160
e 137 138 647
e 138 133 602
e 138 134 670
e 138 135 294
e 135 132 859
e 135 134 515
e 134 133 553
e 134 136 150
e 136 132 167
e 69 60 931
e 69 61 742
e 69 62 981
e 69 67 761
e 69 68 887
e 68 62 53
e 68 66 78
e 68 67 861
e 67 61 212
e 67 65 675
e 65 63 993
e 65 112 132
e 65 114 717
e 65 119 891
e 65 120 318
e 65 121 468
e 65 122 228
e 65 123 64
e 65 131 750
e 131 112 871
e 131 113 96
e 131 119 976
e 131 121 96
e 131 123 656
e 131 130 300
e 130 116 476
e 130 118 499
e 130 119 909
e 130 121 433
e 130 124 973
e 130 126 591
e 130 127 938
e 130 128 55
e 128 112 24
e 128 113 399
e 128 114 478
e 128 116 239
e 128 119 605
e 128 124 874
e 124 112 478
e 124 113 330
e 124 115 203
e 124 116 813
e 124 117 267
e 124 119 348
e 124 125 643
e 124 126 834
e 124 127 740
e 124 129 302
e 129 114 867
e 129 115 611
e 129 116 16
e 129 119 988
e 129 120 922
e 129 126 935
e 129 127 286
e 127 116 756
e 127 117 875
e 127 120 217
e 127 123 118
e 127 125 644
e 125 117 612
e 125 119 895
e 125 121 763
e 125 122 139
e 125 123 676
e 123 112 826
e 123 115 848
e 123 116 213
e 123 117 896
e 117 112 835
e 117 113 782
e 117 115 661
e 117 121 518
e 117 122 97
e 122 116 83
e 122 118 233
e 122 119 593
e 122 121 377
e 122 126 550
e 126 115 85
e 126 121 315
e 121 112 36
e 121 113 660
e 121 114 874
e 121 116 334
e 121 120 366
e 120 116 819
e 120 118 275
e 118 114 657
e 118 116 943
e 118 119 436
e 119 112 257
e 119 113 856
e 119 114 335
e 119 115 921
e 115 113 904
e 115 114 51
e 114 112 489
e 114 116 975
e 116 113 580
e 63 60 551
e 63 87 819
e 63 92 771
e 63 93 43
e 63 94 833
e 63 96 295
e 63 97 222
e 63 98 313
e 63 101 431
e 63 106 920
e 106 88 248
e 106 91 416
e 106 94 731
e 106 95 698
e 106 97 397
e 106 100 967
e 106 105 85
e 106 108 161
e 106 110 515
e 106 111 210
e 111 86 591
e 111 88 361
e 111 89 81
e 111 90 705
e 111 93 355
e 111 94 283
e 111 97 262
e 111 102 45
e 111 105 638
e 111 109 880
e 111 110 297
e 110 90 927
e 110 95 456
e 110 96 715
e 110 97 864
e 110 98 488
e 110 103 553
e 110 109 288
e 109 87 782
e 109 91 623
e 109 96 931
e 109 98 333
e 109 99 73
e 109 100 929
e 109 102 404
e 109 108 413
e 108 86 975
e 108 88 469
e 108 89 766
e 108 90 605
e 108 91 20
e 108 93 480
e 108 98 633
e 108 100 247
e 108 101 725
e 108 102 158
e 102 86 563
e 102 91 789
e 102 93 895
e 102 94 277
e 102 96 433
e 102 97 843
e 102 101 391
e 102 103 763
e 102 107 699
e 107 86 551
e 107 88 135
e 107 89 757
e 107 91 879
e 107 93 458
e 107 95 884
e 107 99 925
e 99 88 642
e 99 92 499
e 99 95 487
e 99 97 478
e 99 103 506
e 99 105 934
e 105 87 451
e 105 89 370
e 105 90 74
e 105 95 970
e 105 96 316
e 105 97 646
e 105 100 636
e 105 101 718
e 105 104 570
e 104 87 910
e 104 88 800
e 104 89 589
e 104 92 830
e 104 94 563
e 104 101 856
e 101 93 473
e 101 95 467
e 95 87 254
e 95 89 937
e 95 96 976
e 95 97 329
e 95 103 540
e 103 86 252
e 103 88 967
e 103 90 914
e 103 94 762
e 94 86 499
e 94 89 607
e 94 92 670
e 94 96 999
e 94 98 35
e 94 100 581
e 100 88 110
e 100 92 95
e 100 97 347
e 97 86 926
e 97 98 359
e 98 90 710
e 98 91 47
e 98 92 474
e 98 93 593
e 98 96 613
e 96 90 733
e 96 91 897
e 96 93 759
e 93 87 880
e 93 91 519
e 93 92 95
e 92 86 507
e 92 90 588
e 86 87 980
e 86 89 211
e 87 88 586
e 87 91 919
e 60 66 847
e 66 72 838
e 66 77 277
e 66 78 92
e 66 79 46
e 66 81 956
e 81 70 782
e 81 71 970
e 81 82 871
e 81 84 806
e 84 73 824
e 84 76 460
e 84 78 703
e 84 80 796
e 84 82 66
e 84 85 870
e 85 70 614
e 85 72 160
e 85 74 211
e 85 76 309
e 85 78 423
e 85 79 376
e 85 82 155
e 85 83 894
e 83 70 710
e 83 72 395
e 83 73 684
e 83 75 947
e 83 78 406
e 83 79 234
e 83 80 220
e 80 70 690
e 80 72 356
e 80 74 99
e 80 75 132
e 80 76 90
e 80 78 207
e 78 70 917
e 78 71 449
e 78 72 673
e 78 75 767
e 78 76 642
e 78 77 136
e 77 72 121
e 77 73 670
e 77 74 760
e 74 70 804
e 74 71 190
e 74 73 781
e 74 75 161
e 74 79 93
e 79 71 128
e 79 72 156
e 79 73 728
e 79 75 598
e 79 76 350
e 76 70 982
e 70 82 80
e 75 72 833
e 73 71 856
e 13 2 463
e 13 7 626
e 7 2 295
e 7 8 66
e 7 17 764
e 17 3 462
e 17 4 216
e 17 8 574
e 4 3 428
e 4 6 330
e 6 12 367
e 12 3 229
e 2 5 43
