c solution = 2,141
p edge 190 2127
e 1 4 942
e 1 7 719
e 1 8 794
e 1 9 27
e 1 10 817
e 1 11 673
e 1 14 197
e 1 19 693
e 1 23 602
e 1 24 854
e 1 28 265
e 1 30 907
e 1 32 530
e 1 33 351
e 1 34 494
e 1 36 88
e 1 38 580
e 1 39 37
e 1 43 322
e 1 47 288
e 1 48 987
e 1 57 965
e 1 64 136
e 1 69 870
e 1 74 729
e 1 82 815
e 1 84 414
e 1 85 926
e 1 86 48
e 1 87 859
e 1 88 965
e 1 91 481
e 1 92 273
e 1 96 209
e 1 155 497
e 1 156 36
e 1 157 145
e 157 155 288
e 157 156 729
e 156 155 286
e 96 6 957
e 96 7 92
e 96 8 993
e 96 9 379
e 96 10 473
e 96 15 307
e 96 16 224
e 96 17 689
e 96 18 568
e 96 23 983
e 96 26 135
e 96 28 592
e 96 29 836
e 96 34 303
e 96 35 139
e 96 36 751
e 96 42 821
e 96 43 977
e 96 45 21
e 96 49 430
e 96 52 957
e 96 53 355
e 96 55 599
e 96 56 528
e 96 59 305
e 96 66 712
e 96 71 752
e 96 72 522
e 96 76 42
e 96 81 594
e 96 86 567
e 96 88 143
e 96 89 234
e 96 90 87
e 96 93 812
e 93 5 119
e 93 6 913
e 93 8 378
e 93 10 130
e 93 11 290
e 93 14 673
e 93 17 870
e 93 19 52
e 93 27 260
e 93 32 175
e 93 38 134
e 93 41 787
e 93 44 725
e 93 46 203
e 93 48 562
e 93 50 727
e 93 54 258
e 93 55 20
e 93 58 449
e 93 60 743
e 93 61 562
e 93 62 497
e 93 63 302
e 93 64 790
e 93 65 530
e 93 70 225
e 93 71 264
e 93 73 251
e 93 76 417
e 93 79 307
e 93 80 277
e 93 83 468
e 93 84 918
e 93 87 457
e 93 90 314
e 93 91 365
e 93 92 527
e 93 95 458
e 93 152 56
e 93 153 833
e 93 154 470
e 154 152 145
e 154 153 770
e 153 152 705
e 95 8 117
e 95 9 124
e 95 12 704
e 95 14 27
e 95 18 791
e 95 19 209
e 95 21 375
e 95 26 761
e 95 27 201
e 95 28 682
e 95 31 904
e 95 32 179
e 95 33 868
e 95 34 755
e 95 37 493
e 95 38 1000
e 95 41 151
e 95 50 161
e 95 53 292
e 95 54 862
e 95 61 603
e 95 62 729
e 95 64 968
e 95 65 221
e 95 67 57
e 95 69 362
e 95 71 992
e 95 76 346
e 95 80 522
e 95 81 968
e 95 83 620
e 95 85 771
e 95 86 221
e 95 87 832
e 95 88 604
e 95 92 472
e 95 98 384
e 95 100 401
e 100 5 101
e 100 7 341
e 100 9 637
e 100 10 912
e 100 13 617
e 100 15 717
e 100 16 218
e 100 22 822
e 100 23 662
e 100 24 984
e 100 25 209
e 100 27 172
e 100 30 943
e 100 31 20
e 100 33 755
e 100 37 941
e 100 39 152
e 100 40 341
e 100 41 774
e 100 42 933
e 100 43 401
e 100 44 638
e 100 45 681
e 100 49 324
e 100 50 102
e 100 51 72
e 100 54 713
e 100 55 850
e 100 59 551
e 100 65 537
e 100 73 605
e 100 74 768
e 100 75 117
e 100 76 193
e 100 80 362
e 100 85 259
e 100 87 263
e 100 88 908
e 100 98 898
e 98 3 115
e 98 4 333
e 98 6 289
e 98 7 437
e 98 8 430
e 98 13 893
e 98 14 151
e 98 15 211
e 98 21 641
e 98 22 857
e 98 27 854
e 98 28 586
e 98 29 33
e 98 33 14
e 98 34 53
e 98 35 211
e 98 37 502
e 98 39 555
e 98 40 993
e 98 42 509
e 98 43 292
e 98 44 620
e 98 45 595
e 98 49 474
e 98 51 582
e 98 53 888
e 98 54 575
e 98 55 134
e 98 60 118
e 98 64 476
e 98 65 845
e 98 68 966
e 98 72 247
e 98 77 65
e 98 81 920
e 98 82 141
e 98 84 879
e 98 87 207
e 98 92 585
e 98 99 77
e 98 143 415
e 98 144 824
e 98 145 874
e 145 143 987
e 145 144 775
e 144 143 769
e 99 2 787
e 99 4 820
e 99 10 124
e 99 11 61
e 99 12 693
e 99 18 611
e 99 19 297
e 99 22 373
e 99 23 179
e 99 26 563
e 99 29 933
e 99 32 186
e 99 39 288
e 99 40 829
e 99 43 584
e 99 45 249
e 99 50 352
e 99 51 820
e 99 52 652
e 99 53 379
e 99 54 70
e 99 55 448
e 99 56 447
e 99 62 407
e 99 63 600
e 99 64 102
e 99 66 431
e 99 67 822
e 99 68 924
e 99 69 952
e 99 71 832
e 99 73 44
e 99 74 594
e 99 75 579
e 99 78 364
e 99 80 575
e 99 82 824
e 99 85 519
e 99 88 774
e 99 89 391
e 99 91 911
e 91 2 690
e 91 4 563
e 91 6 854
e 91 8 123
e 91 9 335
e 91 13 602
e 91 15 558
e 91 21 823
e 91 22 557
e 91 23 151
e 91 25 460
e 91 28 159
e 91 30 46
e 91 34 756
e 91 42 709
e 91 43 198
e 91 47 854
e 91 49 429
e 91 50 208
e 91 54 651
e 91 56 22
e 91 57 943
e 91 58 908
e 91 59 346
e 91 60 277
e 91 63 146
e 91 64 640
e 91 66 899
e 91 67 108
e 91 71 211
e 91 76 686
e 91 81 706
e 91 82 680
e 91 87 596
e 91 89 339
e 91 92 527
e 92 7 361
e 92 9 515
e 92 16 259
e 92 18 673
e 92 20 595
e 92 21 488
e 92 22 780
e 92 26 671
e 92 30 616
e 92 31 618
e 92 35 485
e 92 37 968
e 92 49 498
e 92 58 64
e 92 59 757
e 92 64 418
e 92 65 652
e 92 69 577
e 92 71 580
e 92 73 285
e 92 75 652
e 92 81 341
e 92 83 216
e 92 84 368
e 92 85 664
e 92 86 690
e 92 90 827
e 92 94 386
e 94 4 948
e 94 7 379
e 94 9 188
e 94 16 660
e 94 21 778
e 94 22 741
e 94 28 132
e 94 33 921
e 94 35 288
e 94 37 297
e 94 43 173
e 94 50 496
e 94 51 62
e 94 54 322
e 94 63 182
e 94 65 992
e 94 66 788
e 94 67 864
e 94 70 513
e 94 74 263
e 94 76 391
e 94 77 238
e 94 78 32
e 94 80 518
e 94 81 378
e 94 82 455
e 94 83 431
e 94 84 477
e 94 89 109
e 94 97 419
e 97 11 718
e 97 12 832
e 97 16 38
e 97 19 192
e 97 21 318
e 97 22 560
e 97 23 141
e 97 26 515
e 97 33 357
e 97 43 335
e 97 44 527
e 97 46 425
e 97 48 838
e 97 49 39
e 97 50 297
e 97 56 827
e 97 61 248
e 97 64 796
e 97 67 150
e 97 72 321
e 97 74 915
e 97 77 595
e 97 85 138
e 97 86 487
e 97 88 389
e 97 89 638
e 89 2 150
e 89 9 913
e 89 18 272
e 89 20 801
e 89 25 121
e 89 29 854
e 89 30 958
e 89 32 244
e 89 33 542
e 89 34 711
e 89 36 246
e 89 39 901
e 89 40 753
e 89 46 713
e 89 50 67
e 89 60 228
e 89 62 324
e 89 64 609
e 89 67 500
e 89 69 220
e 89 70 116
e 89 72 236
e 89 73 568
e 89 75 115
e 89 76 212
e 89 79 629
e 89 80 48
e 89 81 532
e 89 85 77
e 89 87 846
e 89 88 447
e 88 3 769
e 88 5 550
e 88 7 989
e 88 9 789
e 88 11 940
e 88 15 902
e 88 16 617
e 88 18 192
e 88 30 274
e 88 34 426
e 88 37 852
e 88 40 184
e 88 41 639
e 88 43 950
e 88 44 951
e 88 47 269
e 88 50 600
e 88 52 559
e 88 53 625
e 88 55 102
e 88 57 450
e 88 64 110
e 88 66 211
e 88 67 445
e 88 68 736
e 88 72 703
e 88 73 24
e 88 75 987
e 88 77 640
e 88 80 587
e 80 2 720
e 80 6 657
e 80 9 136
e 80 11 934
e 80 12 334
e 80 13 612
e 80 17 302
e 80 20 855
e 80 21 913
e 80 25 513
e 80 27 362
e 80 28 285
e 80 31 598
e 80 33 167
e 80 35 547
e 80 36 880
e 80 37 280
e 80 39 586
e 80 41 913
e 80 43 12
e 80 45 141
e 80 46 37
e 80 48 610
e 80 49 783
e 80 51 163
e 80 53 640
e 80 56 714
e 80 58 547
e 80 59 602
e 80 60 284
e 80 63 886
e 80 64 10
e 80 66 277
e 80 68 422
e 80 70 630
e 80 73 563
e 80 74 224
e 80 75 407
e 80 77 302
e 80 79 850
e 80 84 414
e 80 87 624
e 80 90 857
e 90 5 830
e 90 6 323
e 90 7 334
e 90 12 865
e 90 17 658
e 90 19 96
e 90 20 443
e 90 21 315
e 90 24 252
e 90 25 493
e 90 28 710
e 90 30 715
e 90 33 735
e 90 34 591
e 90 35 986
e 90 38 367
e 90 39 945
e 90 43 257
e 90 44 308
e 90 45 258
e 90 47 20
e 90 48 377
e 90 49 569
e 90 52 271
e 90 54 748
e 90 56 256
e 90 57 279
e 90 67 283
e 90 69 232
e 90 72 433
e 90 74 542
e 90 77 967
e 90 79 932
e 90 82 827
e 90 84 865
e 90 86 993
e 86 9 757
e 86 10 904
e 86 11 932
e 86 13 847
e 86 14 595
e 86 18 189
e 86 21 271
e 86 26 894
e 86 27 63
e 86 29 589
e 86 30 722
e 86 31 446
e 86 37 882
e 86 38 493
e 86 42 481
e 86 45 617
e 86 46 69
e 86 49 785
e 86 50 788
e 86 53 191
e 86 59 606
e 86 63 941
e 86 65 192
e 86 69 726
e 86 70 45
e 86 74 434
e 86 77 138
e 86 78 129
e 86 81 379
e 86 85 476
e 86 87 96
e 86 110 492
e 86 111 715
e 86 112 994
e 112 110 871
e 112 111 833
e 111 110 466
e 87 4 394
e 87 11 805
e 87 12 220
e 87 15 665
e 87 21 368
e 87 25 438
e 87 27 626
e 87 28 528
e 87 29 10
e 87 30 689
e 87 31 98
e 87 35 282
e 87 36 847
e 87 42 403
e 87 45 756
e 87 48 291
e 87 52 221
e 87 59 660
e 87 60 556
e 87 62 590
e 87 63 746
e 87 64 129
e 87 65 941
e 87 66 394
e 87 67 138
e 87 70 394
e 87 71 586
e 87 74 371
e 87 75 330
e 87 76 521
e 87 79 373
e 87 82 684
e 87 84 832
e 84 6 60
e 84 9 592
e 84 10 764
e 84 13 949
e 84 14 355
e 84 20 296
e 84 24 644
e 84 26 406
e 84 29 234
e 84 31 518
e 84 35 438
e 84 36 926
e 84 37 848
e 84 41 683
e 84 43 591
e 84 45 89
e 84 46 421
e 84 47 853
e 84 48 276
e 84 50 914
e 84 53 383
e 84 55 91
e 84 56 75
e 84 63 64
e 84 64 779
e 84 68 53
e 84 70 636
e 84 71 834
e 84 75 628
e 84 76 960
e 84 81 459
e 84 134 180
e 84 135 671
e 84 136 400
e 136 134 357
e 136 135 648
e 135 134 763
e 81 7 59
e 81 8 602
e 81 13 960
e 81 17 347
e 81 18 182
e 81 22 276
e 81 27 420
e 81 28 194
e 81 29 885
e 81 31 778
e 81 33 808
e 81 34 781
e 81 37 878
e 81 38 133
e 81 40 756
e 81 41 41
e 81 42 610
e 81 43 761
e 81 44 16
e 81 46 537
e 81 48 366
e 81 50 906
e 81 53 469
e 81 54 43
e 81 61 837
e 81 62 413
e 81 64 310
e 81 76 111
e 81 77 331
e 81 79 521
e 81 83 118
e 83 4 836
e 83 6 439
e 83 9 220
e 83 11 551
e 83 13 371
e 83 14 986
e 83 15 440
e 83 24 503
e 83 25 858
e 83 28 152
e 83 30 95
e 83 31 134
e 83 34 815
e 83 43 809
e 83 48 437
e 83 50 86
e 83 53 241
e 83 54 32
e 83 55 361
e 83 57 494
e 83 61 225
e 83 62 556
e 83 66 301
e 83 67 707
e 83 69 262
e 83 73 525
e 83 75 445
e 83 76 623
e 83 85 640
e 83 167 389
e 83 168 614
e 83 169 246
e 169 167 37
e 169 168 178
e 168 167 324
e 85 2 549
e 85 3 289
e 85 5 600
e 85 7 690
e 85 8 528
e 85 10 468
e 85 12 657
e 85 13 877
e 85 14 525
e 85 18 44
e 85 20 40
e 85 21 492
e 85 22 302
e 85 24 614
e 85 25 94
e 85 28 849
e 85 29 956
e 85 32 438
e 85 36 899
e 85 37 446
e 85 38 578
e 85 44 791
e 85 47 849
e 85 49 548
e 85 50 430
e 85 51 64
e 85 55 926
e 85 60 140
e 85 61 659
e 85 66 343
e 85 68 607
e 85 69 263
e 85 70 986
e 85 72 631
e 85 76 782
e 85 77 662
e 85 78 620
e 85 82 433
e 82 2 352
e 82 5 303
e 82 7 317
e 82 9 318
e 82 12 401
e 82 13 509
e 82 14 359
e 82 15 800
e 82 16 839
e 82 17 567
e 82 18 953
e 82 20 798
e 82 22 818
e 82 23 557
e 82 25 509
e 82 26 992
e 82 28 153
e 82 34 689
e 82 38 690
e 82 39 480
e 82 41 483
e 82 42 746
e 82 43 317
e 82 49 409
e 82 53 98
e 82 54 217
e 82 55 385
e 82 57 654
e 82 58 803
e 82 59 553
e 82 62 983
e 82 63 728
e 82 64 334
e 82 66 383
e 82 67 265
e 82 68 629
e 82 72 611
e 82 73 280
e 82 75 51
e 82 76 870
e 82 161 116
e 82 162 294
e 82 163 256
e 163 161 551
e 163 162 767
e 162 161 653
e 76 9 797
e 76 12 885
e 76 13 809
e 76 14 605
e 76 16 850
e 76 17 132
e 76 19 795
e 76 20 182
e 76 21 785
e 76 23 486
e 76 25 471
e 76 28 216
e 76 30 400
e 76 31 995
e 76 33 369
e 76 34 760
e 76 36 557
e 76 37 322
e 76 42 261
e 76 47 124
e 76 48 349
e 76 50 462
e 76 51 43
e 76 60 567
e 76 61 111
e 76 68 88
e 76 69 100
e 76 71 905
e 76 72 154
e 76 74 228
e 76 79 880
e 76 113 212
e 76 114 742
e 76 115 582
e 115 113 436
e 115 114 94
e 114 113 209
e 79 4 847
e 79 6 181
e 79 9 148
e 79 10 330
e 79 16 277
e 79 17 80
e 79 20 941
e 79 24 420
e 79 25 12
e 79 27 823
e 79 28 534
e 79 29 20
e 79 30 272
e 79 34 78
e 79 41 720
e 79 42 711
e 79 44 975
e 79 47 49
e 79 49 783
e 79 50 921
e 79 51 157
e 79 53 410
e 79 54 973
e 79 55 12
e 79 57 373
e 79 58 546
e 79 61 862
e 79 70 263
e 79 71 53
e 71 4 260
e 71 13 599
e 71 17 196
e 71 19 671
e 71 23 729
e 71 25 150
e 71 26 342
e 71 29 801
e 71 35 656
e 71 37 767
e 71 39 284
e 71 40 889
e 71 41 997
e 71 43 418
e 71 46 532
e 71 49 764
e 71 51 28
e 71 56 831
e 71 57 433
e 71 58 380
e 71 60 126
e 71 61 265
e 71 62 657
e 71 70 641
e 70 2 367
e 70 5 309
e 70 6 692
e 70 8 422
e 70 9 944
e 70 10 803
e 70 17 448
e 70 19 864
e 70 22 633
e 70 25 214
e 70 29 841
e 70 34 877
e 70 35 772
e 70 36 328
e 70 37 508
e 70 39 940
e 70 42 379
e 70 43 67
e 70 44 940
e 70 45 135
e 70 46 942
e 70 52 804
e 70 54 733
e 70 56 473
e 70 58 814
e 70 63 771
e 70 74 170
e 70 77 47
e 70 78 672
e 70 116 12
e 70 117 130
e 70 118 678
e 118 116 135
e 118 117 795
e 117 116 123
e 78 6 328
e 78 12 71
e 78 13 50
e 78 14 928
e 78 15 590
e 78 17 537
e 78 26 326
e 78 27 273
e 78 29 34
e 78 31 390
e 78 32 675
e 78 33 758
e 78 37 983
e 78 46 511
e 78 63 891
e 78 64 828
e 78 68 397
e 68 8 921
e 68 14 318
e 68 16 571
e 68 21 508
e 68 24 988
e 68 25 330
e 68 28 786
e 68 31 783
e 68 32 538
e 68 39 597
e 68 40 333
e 68 41 465
e 68 42 921
e 68 43 421
e 68 45 83
e 68 47 922
e 68 48 522
e 68 49 55
e 68 51 482
e 68 55 895
e 68 58 18
e 68 60 765
e 68 62 425
e 68 63 162
e 68 64 618
e 68 67 709
e 68 69 598
e 68 179 55
e 68 180 714
e 68 181 903
e 181 179 880
e 181 180 478
e 180 179 746
e 69 3 567
e 69 7 389
e 69 9 858
e 69 10 165
e 69 16 352
e 69 18 57
e 69 19 519
e 69 20 629
e 69 21 612
e 69 22 398
e 69 27 480
e 69 31 971
e 69 32 722
e 69 35 302
e 69 37 400
e 69 39 241
e 69 40 102
e 69 41 282
e 69 45 72
e 69 49 595
e 69 51 429
e 69 55 768
e 69 58 367
e 69 64 39
e 69 67 480
e 67 3 330
e 67 6 452
e 67 7 160
e 67 9 551
e 67 10 265
e 67 11 310
e 67 13 534
e 67 14 667
e 67 15 247
e 67 17 131
e 67 21 164
e 67 30 546
e 67 32 465
e 67 34 834
e 67 35 800
e 67 37 336
e 67 39 637
e 67 40 174
e 67 41 760
e 67 46 115
e 67 47 412
e 67 49 102
e 67 51 185
e 67 52 97
e 67 53 511
e 67 54 32
e 67 58 845
e 67 62 127
e 67 65 213
e 67 66 1000
e 67 72 947
e 67 75 38
e 75 3 381
e 75 6 722
e 75 7 938
e 75 9 261
e 75 13 356
e 75 19 825
e 75 21 589
e 75 27 917
e 75 29 143
e 75 31 652
e 75 32 893
e 75 34 394
e 75 36 517
e 75 37 114
e 75 39 486
e 75 41 621
e 75 43 330
e 75 45 313
e 75 46 256
e 75 48 264
e 75 49 410
e 75 54 264
e 75 56 425
e 75 62 425
e 75 65 216
e 75 66 394
e 75 72 815
e 75 73 702
e 75 74 471
e 75 119 758
e 75 120 222
e 75 121 430
e 121 119 636
e 121 120 803
e 120 119 934
e 74 6 376
e 74 7 397
e 74 8 346
e 74 11 431
e 74 12 328
e 74 18 972
e 74 22 416
e 74 27 298
e 74 29 871
e 74 37 32
e 74 38 163
e 74 40 206
e 74 41 397
e 74 43 779
e 74 44 488
e 74 45 301
e 74 54 107
e 74 59 910
e 74 61 988
e 74 62 983
e 74 63 534
e 74 64 521
e 74 65 162
e 74 77 527
e 77 3 721
e 77 8 73
e 77 13 671
e 77 15 804
e 77 20 492
e 77 21 679
e 77 23 675
e 77 25 740
e 77 27 251
e 77 28 600
e 77 30 300
e 77 31 738
e 77 32 459
e 77 33 759
e 77 34 954
e 77 35 665
e 77 41 627
e 77 49 315
e 77 52 254
e 77 54 743
e 77 57 368
e 77 66 920
e 77 73 961
e 73 2 712
e 73 4 916
e 73 6 293
e 73 9 683
e 73 12 395
e 73 13 322
e 73 14 314
e 73 15 590
e 73 16 553
e 73 23 263
e 73 26 608
e 73 27 346
e 73 29 591
e 73 34 441
e 73 40 398
e 73 42 873
e 73 44 431
e 73 45 659
e 73 47 626
e 73 52 969
e 73 54 833
e 73 55 470
e 73 60 290
e 73 61 811
e 73 65 61
e 73 122 851
e 73 123 248
e 73 124 89
e 124 122 814
e 124 123 431
e 123 122 900
e 65 4 950
e 65 5 479
e 65 8 957
e 65 10 835
e 65 11 616
e 65 12 27
e 65 13 175
e 65 15 983
e 65 16 380
e 65 17 257
e 65 24 294
e 65 25 808
e 65 26 476
e 65 27 947
e 65 32 866
e 65 33 682
e 65 34 50
e 65 36 244
e 65 40 396
e 65 41 975
e 65 44 604
e 65 45 89
e 65 50 445
e 65 54 247
e 65 55 258
e 65 56 495
e 65 59 495
e 65 61 161
e 65 64 392
e 64 2 385
e 64 3 416
e 64 5 311
e 64 6 889
e 64 7 172
e 64 8 109
e 64 13 603
e 64 14 594
e 64 15 387
e 64 16 386
e 64 23 140
e 64 27 812
e 64 28 921
e 64 29 894
e 64 30 892
e 64 31 336
e 64 45 109
e 64 46 297
e 64 48 277
e 64 52 696
e 64 53 54
e 64 55 635
e 55 2 183
e 55 4 598
e 55 5 291
e 55 6 357
e 55 11 751
e 55 14 477
e 55 16 507
e 55 21 85
e 55 22 457
e 55 24 641
e 55 25 276
e 55 30 79
e 55 31 272
e 55 32 45
e 55 34 868
e 55 36 669
e 55 39 540
e 55 48 630
e 55 50 426
e 55 54 546
e 55 57 948
e 55 58 775
e 55 66 40
e 55 72 182
e 55 158 326
e 55 159 343
e 55 160 735
e 160 158 389
e 160 159 269
e 159 158 218
e 72 5 653
e 72 7 808
e 72 13 892
e 72 14 417
e 72 15 665
e 72 17 583
e 72 21 689
e 72 22 710
e 72 23 335
e 72 24 273
e 72 31 697
e 72 32 251
e 72 35 991
e 72 43 608
e 72 49 11
e 72 50 117
e 72 56 885
e 72 58 988
e 72 59 411
e 72 61 163
e 61 3 945
e 61 5 196
e 61 6 28
e 61 8 403
e 61 11 151
e 61 12 734
e 61 13 908
e 61 18 675
e 61 22 220
e 61 24 175
e 61 27 520
e 61 35 930
e 61 37 474
e 61 38 721
e 61 39 349
e 61 49 251
e 61 52 950
e 61 54 339
e 61 60 464
e 61 62 796
e 61 128 974
e 61 129 302
e 61 130 172
e 130 128 759
e 130 129 445
e 129 128 248
e 62 5 647
e 62 10 272
e 62 13 293
e 62 18 918
e 62 20 494
e 62 22 727
e 62 24 604
e 62 28 726
e 62 29 367
e 62 31 144
e 62 36 660
e 62 38 873
e 62 40 682
e 62 46 282
e 62 47 701
e 62 49 393
e 62 50 582
e 62 51 247
e 62 52 763
e 62 54 903
e 62 57 215
e 62 58 218
e 62 59 254
e 59 8 18
e 59 10 881
e 59 12 484
e 59 14 792
e 59 15 205
e 59 16 188
e 59 22 908
e 59 26 24
e 59 27 71
e 59 28 756
e 59 30 372
e 59 33 570
e 59 35 884
e 59 36 616
e 59 39 516
e 59 42 707
e 59 44 648
e 59 45 624
e 59 47 777
e 59 48 542
e 59 51 896
e 59 53 827
e 59 54 971
e 59 56 16
e 59 57 719
e 59 60 863
e 59 185 762
e 59 186 142
e 59 187 367
e 187 185 775
e 187 186 980
e 186 185 123
e 60 3 771
e 60 4 248
e 60 8 630
e 60 10 662
e 60 11 726
e 60 12 561
e 60 17 185
e 60 25 588
e 60 27 914
e 60 28 922
e 60 30 690
e 60 31 823
e 60 32 634
e 60 33 477
e 60 36 779
e 60 37 633
e 60 38 468
e 60 40 433
e 60 42 47
e 60 43 454
e 60 46 293
e 60 49 974
e 60 53 717
e 53 2 388
e 53 3 28
e 53 6 73
e 53 10 162
e 53 12 241
e 53 13 701
e 53 15 122
e 53 17 227
e 53 19 720
e 53 21 818
e 53 22 957
e 53 27 572
e 53 28 284
e 53 30 266
e 53 32 875
e 53 36 180
e 53 39 498
e 53 40 911
e 53 42 947
e 53 43 109
e 53 44 270
e 53 45 132
e 53 46 450
e 53 49 838
e 53 57 623
e 53 58 433
e 53 66 812
e 66 3 302
e 66 5 175
e 66 10 42
e 66 12 988
e 66 13 879
e 66 14 685
e 66 15 571
e 66 16 821
e 66 20 381
e 66 24 189
e 66 25 17
e 66 26 154
e 66 30 663
e 66 34 631
e 66 40 13
e 66 43 886
e 66 50 421
e 66 57 668
e 66 58 238
e 58 3 145
e 58 4 177
e 58 6 818
e 58 8 652
e 58 9 546
e 58 11 611
e 58 12 515
e 58 13 103
e 58 14 717
e 58 15 585
e 58 16 669
e 58 17 894
e 58 23 992
e 58 26 445
e 58 33 455
e 58 37 852
e 58 42 78
e 58 43 775
e 58 44 412
e 58 45 222
e 58 47 618
e 58 48 349
e 58 50 769
e 58 54 967
e 58 63 877
e 63 3 756
e 63 6 564
e 63 8 673
e 63 10 650
e 63 12 953
e 63 16 121
e 63 19 414
e 63 20 219
e 63 28 613
e 63 29 959
e 63 31 85
e 63 33 248
e 63 35 1000
e 63 37 840
e 63 44 827
e 63 45 287
e 63 46 38
e 63 48 379
e 63 49 137
e 63 50 310
e 63 54 636
e 63 57 986
e 57 4 303
e 57 5 56
e 57 7 561
e 57 12 363
e 57 13 210
e 57 22 654
e 57 24 432
e 57 26 168
e 57 28 205
e 57 30 643
e 57 34 256
e 57 35 58
e 57 37 96
e 57 38 768
e 57 40 349
e 57 41 260
e 57 42 366
e 57 43 483
e 57 45 232
e 57 47 221
e 57 50 988
e 57 137 218
e 57 138 950
e 57 139 820
e 139 137 299
e 139 138 224
e 138 137 573
e 50 5 74
e 50 6 146
e 50 7 226
e 50 8 907
e 50 9 108
e 50 10 364
e 50 11 324
e 50 12 596
e 50 13 790
e 50 14 501
e 50 16 554
e 50 20 548
e 50 23 44
e 50 26 170
e 50 27 774
e 50 29 625
e 50 30 379
e 50 33 354
e 50 37 530
e 50 38 611
e 50 42 638
e 50 44 290
e 50 47 681
e 50 48 206
e 50 49 185
e 50 107 408
e 50 108 210
e 50 109 575
e 109 107 392
e 109 108 861
e 108 107 57
e 49 7 664
e 49 8 761
e 49 9 210
e 49 11 498
e 49 15 464
e 49 17 656
e 49 30 807
e 49 31 615
e 49 32 703
e 49 33 912
e 49 35 333
e 49 37 867
e 49 38 546
e 49 39 347
e 49 46 817
e 49 48 684
e 49 56 493
e 49 146 68
e 49 147 258
e 49 148 188
e 148 146 766
e 148 147 699
e 147 146 173
e 56 7 308
e 56 9 439
e 56 13 693
e 56 15 939
e 56 18 802
e 56 21 717
e 56 22 424
e 56 27 808
e 56 29 764
e 56 30 794
e 56 31 455
e 56 32 664
e 56 34 966
e 56 40 266
e 56 42 335
e 56 48 401
e 56 52 337
e 52 5 284
e 52 8 627
e 52 9 694
e 52 11 983
e 52 12 40
e 52 14 306
e 52 15 404
e 52 19 916
e 52 23 554
e 52 24 845
e 52 25 186
e 52 28 428
e 52 31 539
e 52 33 252
e 52 34 858
e 52 39 214
e 52 40 614
e 52 42 170
e 52 44 141
e 52 46 588
e 52 51 304
e 52 54 850
e 54 3 211
e 54 5 530
e 54 6 172
e 54 7 876
e 54 8 100
e 54 11 897
e 54 12 34
e 54 13 525
e 54 14 300
e 54 15 989
e 54 16 979
e 54 18 58
e 54 22 914
e 54 25 916
e 54 26 381
e 54 27 424
e 54 28 189
e 54 30 529
e 54 32 57
e 54 34 132
e 54 36 150
e 54 38 807
e 54 40 766
e 54 41 469
e 54 42 190
e 54 43 943
e 54 44 105
e 54 45 586
e 54 47 431
e 54 51 949
e 51 2 653
e 51 3 390
e 51 7 431
e 51 10 11
e 51 14 243
e 51 15 927
e 51 17 950
e 51 18 365
e 51 21 608
e 51 23 894
e 51 31 548
e 51 34 992
e 51 39 684
e 51 41 201
e 51 42 201
e 51 43 113
e 51 45 858
e 51 48 663
e 51 176 137
e 51 177 800
e 51 178 793
e 178 176 319
e 178 177 596
e 177 176 680
e 48 2 449
e 48 6 373
e 48 8 17
e 48 9 879
e 48 12 592
e 48 14 330
e 48 15 980
e 48 17 349
e 48 20 476
e 48 21 876
e 48 23 643
e 48 24 188
e 48 26 391
e 48 27 282
e 48 40 562
e 48 45 334
e 48 46 415
e 46 2 325
e 46 4 952
e 46 6 366
e 46 10 985
e 46 13 646
e 46 14 508
e 46 16 103
e 46 19 323
e 46 20 296
e 46 29 722
e 46 31 106
e 46 38 263
e 46 42 446
e 42 3 835
e 42 4 859
e 42 5 411
e 42 7 470
e 42 8 896
e 42 9 542
e 42 11 619
e 42 13 449
e 42 14 30
e 42 17 404
e 42 25 342
e 42 26 86
e 42 28 200
e 42 32 969
e 42 37 710
e 42 39 855
e 42 40 293
e 42 44 921
e 42 47 47
e 47 2 501
e 47 9 797
e 47 11 962
e 47 14 224
e 47 19 474
e 47 20 766
e 47 24 102
e 47 27 337
e 47 29 389
e 47 30 347
e 47 34 315
e 47 35 766
e 47 38 330
e 47 40 178
e 47 41 579
e 41 5 224
e 41 6 706
e 41 11 564
e 41 14 390
e 41 15 19
e 41 17 692
e 41 18 834
e 41 19 89
e 41 20 482
e 41 21 58
e 41 25 733
e 41 26 12
e 41 27 84
e 41 29 70
e 41 31 544
e 41 34 279
e 41 36 215
e 36 2 419
e 36 5 309
e 36 6 110
e 36 15 545
e 36 16 441
e 36 17 314
e 36 18 831
e 36 21 176
e 36 23 940
e 36 24 776
e 36 26 654
e 36 28 688
e 36 29 348
e 36 30 929
e 36 31 307
e 36 34 258
e 36 37 974
e 36 38 866
e 38 2 126
e 38 5 473
e 38 6 96
e 38 7 773
e 38 11 226
e 38 12 562
e 38 17 702
e 38 20 124
e 38 21 741
e 38 22 108
e 38 24 305
e 38 26 106
e 38 27 326
e 38 29 429
e 38 31 743
e 38 37 766
e 38 39 355
e 38 40 150
e 38 44 276
e 38 45 508
e 45 2 512
e 45 3 507
e 45 6 99
e 45 7 476
e 45 8 931
e 45 10 965
e 45 14 55
e 45 15 556
e 45 25 74
e 45 26 851
e 45 27 186
e 45 29 60
e 45 30 211
e 45 32 223
e 45 35 722
e 45 39 811
e 45 40 197
e 45 44 762
e 44 5 188
e 44 8 289
e 44 11 417
e 44 12 649
e 44 16 180
e 44 18 531
e 44 20 297
e 44 21 928
e 44 24 665
e 44 25 73
e 44 31 826
e 44 34 134
e 44 35 609
e 44 39 748
e 44 43 347
e 43 2 908
e 43 3 310
e 43 5 432
e 43 7 293
e 43 8 753
e 43 10 545
e 43 12 392
e 43 13 398
e 43 15 393
e 43 16 457
e 43 20 555
e 43 31 968
e 43 33 87
e 43 35 661
e 43 101 663
e 43 102 232
e 43 103 133
e 103 101 979
e 103 102 636
e 102 101 281
e 35 2 276
e 35 3 243
e 35 4 616
e 35 5 614
e 35 6 799
e 35 8 697
e 35 10 153
e 35 11 116
e 35 12 609
e 35 13 60
e 35 15 459
e 35 16 100
e 35 17 75
e 35 20 633
e 35 22 270
e 35 27 330
e 35 32 651
e 35 33 432
e 35 34 697
e 35 40 740
e 40 2 314
e 40 3 514
e 40 4 620
e 40 9 677
e 40 10 178
e 40 12 884
e 40 17 235
e 40 20 596
e 40 22 632
e 40 23 11
e 40 24 811
e 40 25 910
e 40 27 126
e 40 28 42
e 40 29 561
e 40 32 398
e 40 34 489
e 40 37 293
e 37 3 972
e 37 13 524
e 37 20 69
e 37 21 122
e 37 25 830
e 37 27 34
e 37 28 386
e 37 29 949
e 37 32 361
e 37 39 206
e 39 4 414
e 39 6 314
e 39 11 580
e 39 12 143
e 39 13 38
e 39 15 293
e 39 17 541
e 39 18 129
e 39 19 135
e 39 23 128
e 39 24 514
e 39 26 847
e 39 30 115
e 39 31 174
e 39 34 721
e 39 104 107
e 39 105 575
e 39 106 715
e 106 104 844
e 106 105 311
e 105 104 434
e 34 6 227
e 34 7 344
e 34 8 636
e 34 11 818
e 34 12 677
e 34 17 729
e 34 18 522
e 34 21 977
e 34 22 438
e 34 23 227
e 34 25 373
e 34 30 393
e 34 32 693
e 34 33 616
e 33 9 295
e 33 11 918
e 33 12 685
e 33 13 797
e 33 21 936
e 33 25 279
e 33 26 915
e 33 28 859
e 33 29 722
e 33 173 479
e 33 174 670
e 33 175 419
e 175 173 132
e 175 174 989
e 174 173 883
e 29 2 657
e 29 3 80
e 29 4 40
e 29 6 970
e 29 10 272
e 29 11 876
e 29 12 417
e 29 14 934
e 29 15 935
e 29 16 940
e 29 17 663
e 29 19 626
e 29 21 981
e 29 22 967
e 29 23 394
e 29 31 42
e 29 32 741
e 32 4 836
e 32 10 782
e 32 13 530
e 32 17 597
e 32 23 499
e 32 25 420
e 32 31 634
e 31 4 112
e 31 7 390
e 31 8 315
e 31 9 917
e 31 11 733
e 31 12 461
e 31 13 164
e 31 21 755
e 31 22 607
e 31 26 332
e 31 28 92
e 31 30 399
e 30 4 687
e 30 7 394
e 30 10 723
e 30 14 974
e 30 16 432
e 30 17 40
e 30 20 100
e 30 21 27
e 30 24 663
e 30 26 809
e 30 28 451
e 28 4 959
e 28 5 946
e 28 8 294
e 28 9 864
e 28 10 745
e 28 13 177
e 28 15 744
e 28 16 168
e 28 17 828
e 28 26 739
e 26 4 928
e 26 5 442
e 26 11 727
e 26 13 865
e 26 15 392
e 26 18 772
e 26 23 583
e 23 2 410
e 23 3 868
e 23 4 841
e 23 5 908
e 23 8 852
e 23 10 331
e 23 13 530
e 23 15 979
e 23 18 317
e 23 22 50
e 23 24 554
e 24 3 735
e 24 5 460
e 24 6 597
e 24 8 559
e 24 10 627
e 24 15 715
e 24 20 749
e 20 5 205
e 20 8 909
e 20 9 42
e 20 12 417
e 20 15 865
e 20 16 421
e 20 17 402
e 20 19 856
e 20 21 263
e 20 27 621
e 20 131 775
e 20 132 109
e 20 133 444
e 133 131 109
e 133 132 78
e 132 131 18
e 27 4 396
e 27 10 33
e 27 11 355
e 27 12 479
e 27 14 352
e 27 22 485
e 27 25 672
e 25 2 852
e 25 4 212
e 25 5 791
e 25 6 524
e 25 7 591
e 25 14 666
e 25 15 478
e 25 16 478
e 25 18 195
e 25 19 613
e 25 21 43
e 25 164 175
e 25 165 938
e 25 166 891
e 166 164 964
e 166 165 800
e 165 164 883
e 21 6 835
e 21 7 591
e 21 9 108
e 21 11 183
e 21 15 164
e 21 18 696
e 21 22 368
e 22 2 232
e 22 7 530
e 22 9 416
e 22 10 411
e 22 13 150
e 22 18 513
e 22 19 832
e 22 182 53
e 22 183 374
e 22 184 388
e 184 182 516
e 184 183 476
e 183 182 684
e 19 3 178
e 19 6 47
e 19 7 964
e 19 10 569
e 19 12 371
e 19 13 304
e 19 14 557
e 19 16 989
e 19 17 105
e 19 188 202
e 19 189 222
e 19 190 641
e 190 188 90
e 190 189 575
e 189 188 825
e 17 2 343
e 17 3 554
e 17 9 553
e 17 10 606
e 17 11 750
e 17 13 779
e 17 14 827
e 14 2 179
e 14 5 544
e 14 7 647
e 14 10 207
e 14 11 474
e 14 13 624
e 14 18 666
e 14 170 216
e 14 171 27
e 14 172 956
e 172 170 934
e 172 171 754
e 171 170 29
e 18 2 694
e 18 10 998
e 18 11 304
e 18 12 64
e 18 13 558
e 18 15 706
e 18 16 507
e 16 5 704
e 16 6 627
e 16 7 853
e 16 9 776
e 16 10 271
e 16 12 658
e 12 4 411
e 12 5 413
e 12 10 414
e 12 15 807
e 15 3 555
e 15 4 571
e 15 5 227
e 15 7 447
e 15 11 320
e 11 3 499
e 11 4 725
e 11 6 753
e 11 7 209
e 11 8 426
e 11 13 110
e 13 2 144
e 13 9 101
e 9 8 412
e 9 140 387
e 9 141 935
e 9 142 104
e 142 140 661
e 142 141 669
e 141 140 844
e 8 5 169
e 8 6 886
e 8 10 53
e 10 3 587
e 10 4 798
e 4 2 921
e 4 3 507
e 4 7 490
e 7 2 71
e 7 3 942
e 7 6 535
e 7 149 71
e 7 150 505
e 7 151 58
e 151 149 522
e 151 150 227
e 150 149 748
e 6 2 608
e 6 3 526
e 3 2 889
e 3 125 816
e 3 126 444
e 3 127 78
e 127 125 944
e 127 126 413
e 126 125 737
