c solution = 80,49181
p edge 1386 4751
e 1 2 835
e 1 4 527
e 1 6 325
e 1 8 328
e 1 10 621
e 1 13 923
e 1 18 852
e 1 19 43
e 1 20 315
e 1 21 454
e 1 23 396
e 1 26 463
e 1 28 303
e 1 32 102
e 1 34 358
e 1 35 137
e 1 37 113
e 1 39 207
e 1 40 794
e 1 43 876
e 1 53 229
e 1 57 306
e 1 58 462
e 1 67 394
e 1 69 100
e 1 70 993
e 1 74 330
e 1 76 502
e 1 77 654
e 1 78 732
e 1 83 151
e 1 84 216
e 1 87 966
e 1 88 82
e 1 89 866
e 1 94 846
e 1 96 879
e 1 97 165
e 1 98 416
e 98 3 235
e 98 4 541
e 98 5 218
e 98 6 427
e 98 7 100
e 98 14 734
e 98 15 601
e 98 16 239
e 98 20 815
e 98 24 439
e 98 25 33
e 98 26 64
e 98 29 714
e 98 30 931
e 98 38 641
e 98 39 785
e 98 40 769
e 98 42 226
e 98 43 76
e 98 50 859
e 98 51 676
e 98 52 189
e 98 53 43
e 98 55 774
e 98 57 432
e 98 58 725
e 98 59 406
e 98 60 413
e 98 63 142
e 98 64 557
e 98 65 964
e 98 66 297
e 98 67 578
e 98 68 464
e 98 69 478
e 98 70 794
e 98 72 554
e 98 76 90
e 98 79 502
e 98 80 894
e 98 81 923
e 98 84 651
e 98 86 269
e 98 87 540
e 98 90 480
e 98 91 727
e 98 93 402
e 98 95 764
e 98 96 846
e 98 97 238
e 98 99 553
e 99 2 137
e 99 3 564
e 99 6 90
e 99 7 449
e 99 8 526
e 99 10 449
e 99 12 84
e 99 16 16
e 99 17 750
e 99 19 873
e 99 20 747
e 99 21 680
e 99 23 380
e 99 24 358
e 99 27 910
e 99 28 584
e 99 30 478
e 99 31 758
e 99 32 643
e 99 33 25
e 99 34 221
e 99 35 439
e 99 36 551
e 99 38 30
e 99 39 577
e 99 43 981
e 99 44 71
e 99 46 769
e 99 49 139
e 99 50 207
e 99 51 301
e 99 52 814
e 99 53 278
e 99 56 967
e 99 57 502
e 99 58 576
e 99 60 863
e 99 62 570
e 99 63 330
e 99 64 536
e 99 66 26
e 99 67 783
e 99 70 907
e 99 71 395
e 99 73 135
e 99 76 950
e 99 77 504
e 99 80 823
e 99 82 463
e 99 83 839
e 99 84 655
e 99 85 363
e 99 86 458
e 99 87 796
e 99 88 248
e 99 89 315
e 99 90 837
e 99 94 970
e 99 95 92
e 99 96 890
e 96 2 632
e 96 3 532
e 96 4 541
e 96 6 743
e 96 9 942
e 96 15 880
e 96 18 314
e 96 20 623
e 96 21 607
e 96 25 520
e 96 29 95
e 96 30 116
e 96 31 221
e 96 32 106
e 96 35 1000
e 96 39 716
e 96 41 57
e 96 42 558
e 96 43 538
e 96 44 207
e 96 47 600
e 96 48 675
e 96 49 281
e 96 50 804
e 96 51 760
e 96 53 437
e 96 54 916
e 96 56 731
e 96 58 973
e 96 61 791
e 96 62 523
e 96 64 186
e 96 66 514
e 96 73 174
e 96 74 238
e 96 77 651
e 96 78 468
e 96 79 845
e 96 81 481
e 96 83 62
e 96 84 620
e 96 87 350
e 96 89 83
e 96 90 369
e 96 94 818
e 96 100 92
e 100 2 631
e 100 8 921
e 100 10 128
e 100 11 66
e 100 13 458
e 100 15 583
e 100 16 476
e 100 17 104
e 100 19 647
e 100 20 147
e 100 24 306
e 100 25 380
e 100 26 836
e 100 27 983
e 100 28 343
e 100 30 176
e 100 31 155
e 100 33 589
e 100 34 612
e 100 36 911
e 100 39 676
e 100 41 64
e 100 43 355
e 100 44 703
e 100 45 478
e 100 46 654
e 100 51 966
e 100 55 290
e 100 59 156
e 100 61 324
e 100 66 941
e 100 68 41
e 100 69 777
e 100 70 858
e 100 72 434
e 100 75 357
e 100 77 141
e 100 81 322
e 100 83 928
e 100 85 420
e 100 88 71
e 100 92 526
e 100 93 539
e 100 97 624
e 97 2 88
e 97 5 724
e 97 6 393
e 97 9 386
e 97 11 806
e 97 12 688
e 97 14 265
e 97 15 297
e 97 16 756
e 97 20 587
e 97 21 848
e 97 24 399
e 97 25 523
e 97 27 238
e 97 29 809
e 97 31 528
e 97 32 586
e 97 36 150
e 97 42 415
e 97 43 672
e 97 44 759
e 97 46 24
e 97 47 115
e 97 49 521
e 97 50 694
e 97 51 246
e 97 53 835
e 97 54 74
e 97 56 450
e 97 59 625
e 97 61 632
e 97 62 243
e 97 63 419
e 97 69 961
e 97 70 256
e 97 71 896
e 97 72 802
e 97 77 751
e 97 78 424
e 97 79 836
e 97 81 778
e 97 82 427
e 97 83 281
e 97 84 581
e 97 87 746
e 97 89 130
e 97 92 29
e 97 95 977
e 95 2 361
e 95 3 488
e 95 9 47
e 95 10 190
e 95 11 871
e 95 12 937
e 95 13 895
e 95 15 288
e 95 21 92
e 95 24 422
e 95 25 148
e 95 27 206
e 95 29 386
e 95 30 544
e 95 31 447
e 95 32 840
e 95 33 134
e 95 36 805
e 95 37 793
e 95 38 655
e 95 39 404
e 95 43 485
e 95 45 217
e 95 46 350
e 95 47 748
e 95 51 356
e 95 52 624
e 95 53 944
e 95 54 65
e 95 56 812
e 95 57 105
e 95 59 611
e 95 60 295
e 95 63 162
e 95 64 954
e 95 66 790
e 95 67 839
e 95 70 916
e 95 71 467
e 95 72 581
e 95 73 613
e 95 74 378
e 95 75 491
e 95 76 857
e 95 77 412
e 95 78 391
e 95 79 340
e 95 83 997
e 95 84 985
e 95 85 547
e 95 87 761
e 95 88 953
e 95 90 998
e 95 91 790
e 95 92 291
e 95 93 206
e 95 94 17
e 94 2 345
e 94 3 43
e 94 8 907
e 94 9 430
e 94 10 856
e 94 12 607
e 94 13 473
e 94 14 488
e 94 16 813
e 94 17 132
e 94 23 416
e 94 25 337
e 94 28 432
e 94 29 19
e 94 31 705
e 94 35 328
e 94 36 668
e 94 38 799
e 94 39 92
e 94 40 302
e 94 41 627
e 94 42 693
e 94 43 93
e 94 44 388
e 94 46 62
e 94 47 826
e 94 49 363
e 94 51 435
e 94 52 981
e 94 55 744
e 94 58 565
e 94 62 891
e 94 64 424
e 94 67 197
e 94 72 908
e 94 74 486
e 94 76 999
e 94 77 947
e 94 82 647
e 94 83 789
e 94 84 72
e 94 85 411
e 94 87 205
e 94 88 627
e 94 89 486
e 94 90 286
e 94 91 502
e 94 92 994
e 94 93 723
e 94 851 714
e 94 857 706
e 857 849 280
e 857 856 278
e 856 849 420
e 849 853 244
e 853 850 692
e 853 855 388
e 855 854 211
e 854 850 314
e 854 852 210
e 854 859 299
e 854 865 466
e 854 866 563
e 866 859 455
e 859 860 641
e 859 864 189
e 864 865 857
e 864 867 362
e 864 868 927
e 864 871 827
e 871 867 880
e 871 868 857
e 871 869 411
e 871 870 391
e 870 867 53
e 867 868 405
e 867 869 453
e 868 873 876
e 868 878 257
e 868 879 703
e 879 872 659
e 879 877 728
e 879 880 391
e 880 872 23
e 880 873 300
e 873 872 978
e 873 874 393
e 873 875 246
e 875 874 829
e 875 876 834
e 876 877 402
e 874 872 56
e 874 882 172
e 874 883 300
e 883 884 382
e 884 882 829
e 884 885 604
e 885 881 19
e 885 887 262
e 887 886 884
e 886 881 109
e 886 882 65
e 882 890 827
e 882 895 792
e 895 890 657
e 895 894 153
e 895 896 216
e 896 888 482
e 896 891 513
e 891 888 897
e 888 890 163
e 890 889 234
e 890 893 771
e 893 892 739
e 892 889 724
e 892 894 222
e 894 898 523
e 894 899 372
e 899 901 319
e 901 898 468
e 901 900 461
e 901 902 172
e 901 904 574
e 901 906 26
e 906 904 177
e 906 905 150
e 906 907 33
e 906 909 12
e 906 910 620
e 910 907 745
e 910 908 82
e 910 909 837
e 910 911 662
e 910 912 953
e 910 914 191
e 914 911 892
e 914 912 864
e 914 913 795
e 914 915 238
e 914 920 702
e 920 915 353
e 920 917 938
e 920 919 491
e 919 916 872
e 916 918 674
e 918 917 800
e 918 923 191
e 918 924 851
e 918 925 261
e 918 929 732
e 929 921 751
e 929 922 99
e 929 923 855
e 929 924 778
e 929 925 332
e 929 927 221
e 927 921 210
e 927 922 695
e 927 923 998
e 923 925 90
e 925 924 530
e 925 926 732
e 926 921 529
e 926 928 213
e 928 924 363
e 922 930 833
e 922 931 1000
e 922 932 652
e 932 934 523
e 934 931 172
e 934 933 479
e 934 935 154
e 934 936 624
e 934 937 824
e 937 936 706
e 937 938 949
e 938 936 609
e 936 935 210
e 936 940 21
e 936 941 307
e 936 942 588
e 936 946 283
e 946 939 475
e 946 940 239
e 946 942 445
e 946 943 591
e 943 939 696
e 943 942 147
e 943 944 368
e 944 942 589
e 942 941 699
e 942 945 681
e 942 947 158
e 942 952 847
e 942 953 163
e 953 949 671
e 953 950 653
e 953 951 950
e 951 948 669
e 951 949 416
e 951 954 786
e 954 949 445
e 954 950 650
e 950 952 117
e 950 956 941
e 950 960 568
e 950 961 504
e 961 955 445
e 961 956 542
e 961 957 437
e 961 958 250
e 961 962 376
e 962 957 959
e 962 960 696
e 960 956 782
e 956 955 216
e 955 958 250
e 955 959 604
e 955 963 204
e 955 966 305
e 966 970 112
e 970 963 487
e 970 964 134
e 970 973 915
e 970 974 660
e 970 976 679
e 976 973 353
e 976 974 253
e 976 975 750
e 975 972 620
e 975 974 942
e 975 977 499
e 975 980 556
e 980 977 141
e 980 978 641
e 980 983 537
e 980 984 533
e 984 978 307
e 984 979 436
e 984 982 79
e 982 978 240
e 982 981 888
e 982 983 294
e 983 979 693
e 983 981 251
e 978 977 316
e 978 989 471
e 978 990 993
e 990 985 182
e 990 986 241
e 990 988 67
e 990 991 532
e 991 986 957
e 991 988 353
e 988 989 682
e 988 992 978
e 992 986 996
e 992 989 263
e 989 987 937
e 987 985 817
e 987 986 377
e 986 985 114
e 986 996 133
e 986 998 159
e 998 994 919
e 998 995 354
e 998 996 279
e 998 997 850
e 997 993 815
e 997 994 579
e 997 996 171
e 996 993 610
e 993 995 129
e 994 999 484
e 994 1003 283
e 994 1004 395
e 994 1005 993
e 1005 1001 847
e 1001 1000 387
e 1001 1002 853
e 1001 1004 566
e 1001 1006 37
e 1006 1003 68
e 1003 999 311
e 1003 1000 228
e 1003 1002 863
e 1003 1004 101
e 1002 1007 100
e 1002 1009 670
e 1009 1010 120
e 1010 1007 309
e 1010 1008 778
e 1010 1011 670
e 1010 1012 38
e 1010 1013 271
e 1010 1015 712
e 1010 1016 678
e 1016 1017 334
e 1016 1018 362
e 1018 1011 370
e 1018 1012 806
e 1018 1019 796
e 1018 1021 764
e 1018 1024 536
e 1018 1025 31
e 1018 1026 177
e 1026 1024 944
e 1024 1021 303
e 1024 1022 923
e 1024 1027 638
e 1024 1029 248
e 1024 1031 584
e 1031 1030 939
e 1031 1034 372
e 1031 1036 994
e 1031 1039 210
e 1039 1034 369
e 1034 1035 722
e 1034 1038 66
e 1038 1033 625
e 1033 1035 734
e 1033 1037 849
e 1033 1040 662
e 1040 1035 55
e 1040 1041 187
e 1041 1035 188
e 1041 1036 650
e 1041 1042 137
e 1041 1044 277
e 1044 1045 790
e 1044 1046 695
e 1044 1047 395
e 1047 1042 294
e 1047 1046 575
e 1047 1049 155
e 1049 1042 855
e 1049 1048 846
e 1048 1042 92
e 1048 1043 372
e 1048 1046 603
e 1046 1042 737
e 1046 1043 328
e 1043 1050 763
e 1043 1052 632
e 1043 1055 678
e 1055 1050 956
e 1055 1054 450
e 1055 1056 15
e 1056 1051 400
e 1056 1053 939
e 1053 1050 768
e 1053 1054 336
e 1054 1050 922
e 1054 1052 651
e 1052 1051 212
e 1050 1061 673
e 1050 1062 417
e 1062 1057 114
e 1062 1061 645
e 1062 1065 504
e 1062 1067 536
e 1062 1068 423
e 1062 1069 742
e 1069 1063 236
e 1069 1064 741
e 1069 1065 30
e 1065 1064 664
e 1065 1066 703
e 1066 1063 131
e 1066 1064 615
e 1066 1067 46
e 1067 1063 534
e 1067 1064 622
e 1067 1071 535
e 1067 1072 472
e 1067 1077 215
e 1077 1070 811
e 1077 1072 37
e 1077 1073 355
e 1073 1070 18
e 1073 1074 614
e 1073 1076 24
e 1076 1071 88
e 1076 1075 419
e 1075 1072 403
e 1075 1079 879
e 1075 1080 24
e 1075 1081 604
e 1081 1079 213
e 1081 1082 450
e 1081 1083 406
e 1081 1084 530
e 1081 1088 698
e 1088 1084 96
e 1088 1085 247
e 1088 1086 13
e 1088 1089 62
e 1089 1085 252
e 1089 1087 823
e 1087 1084 816
e 1087 1085 228
e 1085 1086 797
e 1085 1090 268
e 1085 1094 462
e 1094 1092 664
e 1092 1091 888
e 1092 1093 512
e 1093 1090 760
e 1093 1091 138
e 1091 1090 518
e 1091 1095 600
e 1091 1096 487
e 1096 1095 712
e 1096 1097 485
e 1096 1098 891
e 1098 1099 478
e 1098 1101 909
e 1098 1103 913
e 1098 1105 907
e 1105 1101 475
e 1105 1102 635
e 1105 1104 973
e 1105 1107 393
e 1105 1109 748
e 1105 1111 687
e 1111 1109 409
e 1111 1110 704
e 1110 1106 190
e 1110 1108 882
e 1110 1109 675
e 1110 1112 774
e 1110 1113 443
e 1110 1114 897
e 1114 1112 840
e 1114 1115 721
e 1115 1112 552
e 1115 1113 156
e 1113 1116 698
e 1116 1112 308
e 1109 1108 55
e 1106 1107 467
e 1104 1100 241
e 1104 1102 678
e 1104 1103 803
e 1103 1102 996
e 1100 1101 909
e 1099 1095 152
e 1099 1097 72
e 1083 1079 51
e 1083 1082 984
e 1082 1078 319
e 1082 1080 87
e 1080 1078 564
e 1078 1079 656
e 1072 1070 319
e 1070 1074 368
e 1064 1068 418
e 1061 1057 995
e 1061 1058 590
e 1061 1060 320
e 1060 1058 589
e 1058 1057 951
e 1058 1059 37
e 1059 1057 406
e 1042 1045 522
e 1036 1037 739
e 1030 1032 195
e 1032 1027 853
e 1032 1029 472
e 1029 1028 299
e 1028 1027 635
e 1022 1025 946
e 1025 1020 361
e 1020 1023 940
e 1023 1021 286
e 1019 1014 93
e 1014 1011 540
e 1014 1012 262
e 1014 1013 818
e 1013 1012 104
e 1013 1015 269
e 1013 1017 328
e 1008 1007 529
e 972 973 759
e 964 963 975
e 964 971 848
e 971 965 766
e 971 969 973
e 969 965 531
e 969 967 651
e 969 968 606
e 968 963 719
e 967 965 848
e 959 958 120
e 958 957 816
e 952 949 126
e 949 948 500
e 947 940 311
e 947 941 78
e 941 940 178
e 945 939 262
e 933 930 941
e 930 931 591
e 917 915 710
e 913 912 448
e 912 911 736
e 909 907 810
e 907 908 891
e 905 903 431
e 903 902 436
e 900 897 101
e 897 898 496
e 872 878 967
e 865 861 431
e 865 862 590
e 862 860 524
e 862 861 625
e 862 863 293
e 863 858 135
e 863 860 613
e 858 861 301
e 852 851 960
e 93 5 50
e 93 7 701
e 93 8 94
e 93 9 446
e 93 11 796
e 93 14 333
e 93 16 213
e 93 17 623
e 93 19 757
e 93 21 75
e 93 22 574
e 93 25 17
e 93 28 679
e 93 31 140
e 93 34 442
e 93 35 304
e 93 38 774
e 93 39 37
e 93 41 75
e 93 42 489
e 93 44 186
e 93 45 376
e 93 47 17
e 93 48 382
e 93 49 887
e 93 50 889
e 93 54 13
e 93 56 91
e 93 57 305
e 93 59 891
e 93 60 58
e 93 61 116
e 93 65 649
e 93 69 950
e 93 71 403
e 93 74 932
e 93 77 855
e 93 81 587
e 93 82 254
e 93 83 795
e 93 85 316
e 93 86 234
e 93 90 52
e 93 92 820
e 92 2 450
e 92 3 251
e 92 4 930
e 92 5 234
e 92 6 148
e 92 7 784
e 92 8 102
e 92 9 767
e 92 10 614
e 92 14 633
e 92 15 413
e 92 17 64
e 92 19 413
e 92 22 30
e 92 23 689
e 92 24 856
e 92 28 459
e 92 32 717
e 92 33 674
e 92 34 164
e 92 37 592
e 92 39 577
e 92 40 118
e 92 43 220
e 92 44 385
e 92 46 595
e 92 48 497
e 92 49 713
e 92 52 866
e 92 54 904
e 92 59 725
e 92 60 477
e 92 63 575
e 92 64 617
e 92 66 186
e 92 67 360
e 92 68 241
e 92 69 436
e 92 70 516
e 92 75 455
e 92 76 807
e 92 77 621
e 92 79 515
e 92 80 636
e 92 81 252
e 92 82 106
e 92 84 518
e 92 86 30
e 92 87 248
e 92 89 146
e 92 90 918
e 90 2 886
e 90 3 448
e 90 5 563
e 90 8 402
e 90 9 782
e 90 10 710
e 90 11 702
e 90 16 21
e 90 18 207
e 90 19 972
e 90 21 699
e 90 22 661
e 90 24 209
e 90 27 848
e 90 28 690
e 90 30 319
e 90 34 167
e 90 35 826
e 90 36 786
e 90 37 286
e 90 39 794
e 90 43 52
e 90 44 763
e 90 46 842
e 90 47 497
e 90 53 576
e 90 55 540
e 90 59 770
e 90 60 353
e 90 61 872
e 90 63 634
e 90 65 617
e 90 66 208
e 90 67 889
e 90 70 873
e 90 75 150
e 90 76 571
e 90 79 219
e 90 80 606
e 90 82 191
e 90 83 233
e 90 84 212
e 90 85 762
e 90 88 823
e 90 89 316
e 90 91 882
e 91 2 143
e 91 3 877
e 91 9 116
e 91 13 43
e 91 20 544
e 91 21 398
e 91 22 342
e 91 23 669
e 91 25 443
e 91 26 466
e 91 29 847
e 91 30 530
e 91 31 363
e 91 32 207
e 91 33 430
e 91 35 589
e 91 37 423
e 91 39 203
e 91 40 588
e 91 43 999
e 91 44 612
e 91 46 668
e 91 49 292
e 91 50 702
e 91 51 612
e 91 52 727
e 91 56 294
e 91 59 338
e 91 60 18
e 91 62 773
e 91 63 462
e 91 64 797
e 91 65 107
e 91 66 951
e 91 69 155
e 91 70 959
e 91 72 504
e 91 76 82
e 91 77 580
e 91 78 170
e 91 79 469
e 91 80 619
e 91 81 717
e 91 82 658
e 91 85 214
e 91 86 793
e 91 87 120
e 91 89 212
e 89 7 134
e 89 8 636
e 89 9 915
e 89 10 80
e 89 11 376
e 89 12 361
e 89 13 45
e 89 18 678
e 89 22 530
e 89 23 95
e 89 25 245
e 89 31 89
e 89 32 138
e 89 33 833
e 89 37 480
e 89 39 392
e 89 40 426
e 89 41 510
e 89 42 215
e 89 44 183
e 89 45 12
e 89 47 333
e 89 49 583
e 89 53 124
e 89 57 103
e 89 59 277
e 89 61 74
e 89 62 585
e 89 64 150
e 89 65 613
e 89 66 250
e 89 71 627
e 89 73 863
e 89 75 751
e 89 76 88
e 89 77 538
e 89 79 37
e 89 80 738
e 89 81 79
e 89 82 612
e 89 83 74
e 89 84 523
e 89 86 344
e 86 5 341
e 86 8 46
e 86 10 63
e 86 12 778
e 86 15 515
e 86 16 866
e 86 17 550
e 86 18 624
e 86 19 717
e 86 20 884
e 86 21 845
e 86 23 163
e 86 24 155
e 86 27 752
e 86 28 477
e 86 29 165
e 86 31 65
e 86 33 632
e 86 34 274
e 86 35 945
e 86 36 514
e 86 37 342
e 86 38 422
e 86 39 367
e 86 40 515
e 86 42 782
e 86 45 218
e 86 48 987
e 86 49 756
e 86 51 343
e 86 52 540
e 86 53 291
e 86 57 318
e 86 59 360
e 86 60 172
e 86 63 650
e 86 65 91
e 86 69 987
e 86 70 443
e 86 71 240
e 86 72 252
e 86 73 770
e 86 74 681
e 86 75 235
e 86 77 221
e 86 81 646
e 86 82 97
e 86 83 739
e 83 3 299
e 83 4 441
e 83 5 721
e 83 11 423
e 83 12 721
e 83 18 602
e 83 19 117
e 83 24 555
e 83 26 153
e 83 27 52
e 83 28 93
e 83 31 98
e 83 32 687
e 83 33 32
e 83 34 67
e 83 44 785
e 83 48 420
e 83 50 128
e 83 54 654
e 83 59 692
e 83 60 356
e 83 61 935
e 83 62 738
e 83 63 462
e 83 64 446
e 83 68 206
e 83 70 768
e 83 71 18
e 83 74 641
e 83 75 850
e 83 78 361
e 83 79 906
e 83 81 337
e 83 84 804
e 83 85 444
e 83 88 905
e 88 3 225
e 88 4 282
e 88 8 16
e 88 10 782
e 88 13 759
e 88 16 584
e 88 20 939
e 88 22 292
e 88 23 861
e 88 24 560
e 88 27 147
e 88 29 890
e 88 32 402
e 88 33 941
e 88 35 373
e 88 36 218
e 88 38 764
e 88 39 844
e 88 46 682
e 88 48 763
e 88 49 389
e 88 50 968
e 88 51 251
e 88 52 731
e 88 53 815
e 88 57 805
e 88 59 860
e 88 62 440
e 88 63 450
e 88 65 151
e 88 66 225
e 88 67 953
e 88 71 589
e 88 72 447
e 88 73 956
e 88 77 656
e 88 79 266
e 88 82 23
e 88 87 806
e 87 2 490
e 87 5 379
e 87 6 383
e 87 11 234
e 87 12 748
e 87 15 210
e 87 19 760
e 87 24 109
e 87 25 512
e 87 28 78
e 87 30 111
e 87 31 67
e 87 32 327
e 87 35 811
e 87 37 413
e 87 40 780
e 87 41 193
e 87 42 57
e 87 43 882
e 87 48 49
e 87 49 558
e 87 50 706
e 87 52 970
e 87 53 541
e 87 55 993
e 87 56 183
e 87 58 255
e 87 60 540
e 87 64 564
e 87 65 606
e 87 67 109
e 87 70 687
e 87 72 84
e 87 75 215
e 87 76 987
e 87 79 961
e 87 80 459
e 87 81 908
e 87 82 780
e 87 84 170
e 87 85 322
e 85 5 209
e 85 6 995
e 85 7 673
e 85 10 917
e 85 12 443
e 85 16 655
e 85 17 139
e 85 19 320
e 85 20 780
e 85 27 797
e 85 28 245
e 85 29 925
e 85 30 623
e 85 32 945
e 85 34 447
e 85 39 387
e 85 40 433
e 85 41 795
e 85 48 485
e 85 50 244
e 85 51 906
e 85 52 579
e 85 53 988
e 85 54 160
e 85 55 482
e 85 57 608
e 85 58 920
e 85 61 870
e 85 63 800
e 85 68 349
e 85 69 659
e 85 71 645
e 85 72 167
e 85 73 851
e 85 77 529
e 85 78 578
e 85 80 411
e 80 2 583
e 80 5 637
e 80 6 89
e 80 8 625
e 80 9 845
e 80 12 695
e 80 13 803
e 80 14 864
e 80 16 85
e 80 17 433
e 80 20 173
e 80 21 821
e 80 22 646
e 80 25 455
e 80 26 542
e 80 31 162
e 80 32 209
e 80 33 907
e 80 37 928
e 80 39 819
e 80 41 31
e 80 42 327
e 80 44 945
e 80 45 960
e 80 48 649
e 80 49 661
e 80 53 545
e 80 54 434
e 80 56 304
e 80 57 491
e 80 60 360
e 80 66 101
e 80 69 783
e 80 70 643
e 80 73 484
e 80 78 131
e 80 79 402
e 79 5 443
e 79 6 733
e 79 7 844
e 79 9 352
e 79 11 845
e 79 12 110
e 79 13 929
e 79 15 976
e 79 18 553
e 79 20 304
e 79 24 703
e 79 25 549
e 79 27 50
e 79 31 68
e 79 33 224
e 79 35 178
e 79 37 549
e 79 42 579
e 79 47 760
e 79 48 110
e 79 49 775
e 79 51 187
e 79 54 661
e 79 55 615
e 79 56 246
e 79 57 726
e 79 59 980
e 79 64 704
e 79 66 994
e 79 67 636
e 79 68 639
e 79 69 882
e 79 70 631
e 79 73 570
e 79 74 878
e 79 76 108
e 79 77 788
e 79 78 821
e 79 82 82
e 79 84 647
e 84 3 206
e 84 5 118
e 84 7 923
e 84 12 700
e 84 15 161
e 84 20 47
e 84 28 872
e 84 29 782
e 84 32 926
e 84 34 677
e 84 37 622
e 84 38 360
e 84 39 593
e 84 41 599
e 84 43 900
e 84 48 316
e 84 50 198
e 84 52 329
e 84 53 921
e 84 54 470
e 84 56 378
e 84 61 633
e 84 63 949
e 84 66 301
e 84 67 346
e 84 72 321
e 84 73 264
e 84 74 283
e 84 75 242
e 75 2 605
e 75 3 315
e 75 4 817
e 75 5 277
e 75 8 141
e 75 9 184
e 75 13 95
e 75 14 71
e 75 17 763
e 75 18 592
e 75 19 160
e 75 21 536
e 75 22 581
e 75 24 639
e 75 26 752
e 75 29 419
e 75 35 978
e 75 36 509
e 75 41 817
e 75 42 372
e 75 44 486
e 75 45 218
e 75 46 119
e 75 47 583
e 75 51 823
e 75 52 296
e 75 54 775
e 75 55 943
e 75 56 534
e 75 57 446
e 75 58 82
e 75 64 987
e 75 65 162
e 75 67 581
e 75 69 73
e 75 70 533
e 75 71 335
e 75 72 334
e 75 73 621
e 75 76 792
e 75 77 431
e 75 82 871
e 82 2 16
e 82 3 429
e 82 4 104
e 82 5 940
e 82 6 586
e 82 7 800
e 82 10 338
e 82 11 703
e 82 14 313
e 82 15 638
e 82 16 230
e 82 17 228
e 82 20 260
e 82 21 583
e 82 22 827
e 82 23 724
e 82 25 208
e 82 26 252
e 82 27 78
e 82 28 215
e 82 29 601
e 82 32 791
e 82 33 123
e 82 34 38
e 82 37 545
e 82 39 138
e 82 40 84
e 82 41 767
e 82 42 651
e 82 44 385
e 82 49 292
e 82 50 762
e 82 54 429
e 82 57 698
e 82 59 507
e 82 61 808
e 82 63 709
e 82 64 201
e 82 65 936
e 82 66 660
e 82 68 56
e 82 69 948
e 82 70 901
e 82 71 941
e 82 72 131
e 82 73 67
e 82 74 766
e 74 3 431
e 74 4 142
e 74 7 216
e 74 9 760
e 74 13 499
e 74 14 412
e 74 17 173
e 74 19 202
e 74 20 40
e 74 21 111
e 74 24 833
e 74 28 851
e 74 29 88
e 74 30 671
e 74 33 374
e 74 36 871
e 74 37 58
e 74 39 692
e 74 41 644
e 74 42 167
e 74 44 619
e 74 45 170
e 74 48 44
e 74 49 330
e 74 50 108
e 74 51 440
e 74 53 207
e 74 54 184
e 74 56 693
e 74 57 878
e 74 58 687
e 74 59 61
e 74 61 959
e 74 63 198
e 74 66 809
e 74 68 459
e 74 69 507
e 74 72 90
e 74 73 297
e 74 76 113
e 74 77 251
e 74 78 953
e 78 2 500
e 78 3 380
e 78 5 769
e 78 7 321
e 78 8 584
e 78 12 642
e 78 13 261
e 78 15 992
e 78 16 203
e 78 20 140
e 78 22 36
e 78 23 469
e 78 24 892
e 78 26 111
e 78 31 546
e 78 34 696
e 78 35 549
e 78 38 907
e 78 39 548
e 78 43 828
e 78 45 229
e 78 46 985
e 78 48 401
e 78 49 424
e 78 50 37
e 78 51 954
e 78 52 491
e 78 55 486
e 78 57 570
e 78 58 779
e 78 61 478
e 78 62 234
e 78 63 218
e 78 66 751
e 78 67 409
e 78 68 209
e 78 77 448
e 78 81 319
e 81 2 574
e 81 3 18
e 81 4 221
e 81 5 734
e 81 8 613
e 81 10 804
e 81 11 406
e 81 12 912
e 81 14 262
e 81 17 96
e 81 20 355
e 81 21 490
e 81 24 526
e 81 25 428
e 81 26 457
e 81 27 188
e 81 29 499
e 81 34 117
e 81 35 903
e 81 37 46
e 81 39 577
e 81 40 935
e 81 41 246
e 81 44 822
e 81 47 682
e 81 48 266
e 81 49 713
e 81 50 337
e 81 51 482
e 81 52 41
e 81 53 532
e 81 58 385
e 81 59 25
e 81 60 948
e 81 63 508
e 81 65 86
e 81 68 861
e 81 69 728
e 81 70 46
e 81 71 53
e 81 76 16
e 76 5 609
e 76 6 377
e 76 8 903
e 76 9 349
e 76 11 952
e 76 17 315
e 76 18 651
e 76 19 148
e 76 22 848
e 76 26 39
e 76 27 142
e 76 28 757
e 76 29 515
e 76 31 178
e 76 33 856
e 76 34 176
e 76 35 346
e 76 36 100
e 76 37 975
e 76 45 99
e 76 46 519
e 76 47 757
e 76 48 428
e 76 49 805
e 76 50 428
e 76 53 224
e 76 57 388
e 76 58 239
e 76 59 550
e 76 60 737
e 76 61 576
e 76 62 597
e 76 65 643
e 76 66 278
e 76 67 628
e 76 71 81
e 76 72 257
e 76 77 750
e 76 595 127
e 76 596 736
e 596 595 636
e 596 597 312
e 596 598 728
e 596 599 317
e 599 595 16
e 599 598 261
e 595 597 65
e 597 600 59
e 597 605 805
e 605 601 839
e 605 603 320
e 603 600 754
e 603 602 154
e 603 607 567
e 603 612 496
e 603 613 181
e 613 611 332
e 611 607 455
e 607 609 956
e 609 608 350
e 609 610 220
e 609 612 413
e 612 608 540
e 612 614 272
e 614 606 907
e 614 608 592
e 614 617 89
e 614 618 795
e 618 615 854
e 618 616 553
e 618 621 491
e 618 622 348
e 622 619 131
e 619 620 597
e 619 621 527
e 621 620 398
e 620 624 871
e 620 626 104
e 626 624 765
e 626 630 235
e 626 633 704
e 626 636 204
e 636 632 255
e 632 634 255
e 632 635 341
e 635 631 332
e 635 634 406
e 634 640 804
e 634 642 264
e 634 643 420
e 643 639 353
e 643 641 139
e 641 638 736
e 638 637 309
e 638 639 767
e 638 640 407
e 638 642 262
e 642 640 977
e 640 637 908
e 640 644 528
e 640 645 392
e 640 647 436
e 647 644 946
e 647 645 846
e 647 646 219
e 646 644 610
e 646 648 399
e 646 650 611
e 650 652 320
e 652 649 616
e 652 651 906
e 652 654 764
e 652 655 949
e 652 657 279
e 657 655 393
e 657 656 344
e 656 655 535
e 656 658 933
e 656 660 264
e 656 661 55
e 661 658 677
e 661 662 189
e 662 658 272
e 662 659 414
e 662 660 343
e 660 659 945
e 660 663 22
e 660 665 643
e 660 667 174
e 660 668 48
e 668 665 130
e 668 666 241
e 666 663 758
e 666 667 904
e 667 663 147
e 667 664 294
e 664 663 535
e 663 669 44
e 663 673 702
e 673 669 708
e 673 670 558
e 670 671 948
e 671 669 846
e 671 672 312
e 672 669 716
e 672 674 784
e 672 676 772
e 676 675 228
e 675 677 479
e 677 674 490
e 677 678 371
e 677 679 80
e 677 681 448
e 677 682 702
e 677 683 868
e 677 685 700
e 685 680 853
e 680 679 42
e 680 681 631
e 680 682 879
e 680 683 908
e 683 678 285
e 683 679 783
e 683 682 457
e 683 684 522
e 684 678 962
e 684 679 362
e 679 678 776
e 679 682 74
e 679 686 213
e 679 688 845
e 679 689 978
e 689 687 508
e 687 688 853
e 687 691 741
e 687 692 578
e 687 693 177
e 693 690 459
e 690 692 709
e 690 695 378
e 695 694 786
e 694 691 698
e 694 692 264
e 692 691 548
e 692 698 575
e 692 699 762
e 699 696 57
e 699 697 249
e 699 698 755
e 699 701 223
e 701 697 596
e 701 700 655
e 701 702 355
e 702 698 772
e 698 700 695
e 698 703 180
e 698 704 419
e 698 705 391
e 698 706 413
e 706 704 705
e 706 705 152
e 705 703 189
e 705 707 486
e 707 703 894
e 707 704 717
e 704 708 767
e 704 712 119
e 704 715 335
e 715 710 465
e 715 711 618
e 715 712 461
e 715 714 161
e 714 708 599
e 714 712 204
e 712 708 426
e 712 710 780
e 712 713 210
e 713 708 430
e 713 709 771
e 713 710 970
e 713 711 794
e 711 709 931
e 711 710 512
e 710 709 795
e 709 717 796
e 709 719 805
e 719 716 441
e 719 720 375
e 720 716 531
e 716 718 727
e 718 717 207
e 717 725 1000
e 717 727 998
e 727 722 915
e 727 723 340
e 727 725 21
e 725 721 851
e 725 724 976
e 725 726 260
e 726 723 148
e 726 728 722
e 726 729 943
e 726 730 334
e 726 732 359
e 726 733 434
e 733 729 687
e 733 730 708
e 733 731 75
e 731 729 441
e 731 730 815
e 731 734 449
e 734 735 561
e 734 736 82
e 734 740 516
e 740 736 708
e 740 738 345
e 738 739 765
e 739 737 720
e 737 736 236
e 736 741 239
e 736 742 723
e 742 744 323
e 742 746 15
e 746 744 626
e 746 745 319
e 745 747 799
e 747 743 98
e 743 741 993
e 743 744 894
e 744 741 699
e 744 748 194
e 744 752 523
e 744 753 306
e 753 749 971
e 749 750 967
e 749 751 863
e 749 755 250
e 755 750 420
e 755 751 904
e 755 752 508
e 755 756 43
e 755 759 191
e 755 761 635
e 761 757 38
e 761 758 364
e 761 760 301
e 760 757 394
e 757 762 792
e 762 758 575
e 758 759 695
e 759 764 314
e 759 766 950
e 759 768 466
e 759 769 187
e 759 771 579
e 771 763 201
e 771 766 884
e 766 767 103
e 767 763 135
e 767 764 484
e 767 765 238
e 767 768 941
e 768 765 702
e 764 770 119
e 770 763 894
e 763 769 242
e 763 774 916
e 763 775 216
e 775 773 803
e 775 778 175
e 775 779 244
e 775 784 796
e 784 779 187
e 784 781 887
e 781 777 566
e 781 778 591
e 781 780 286
e 781 786 873
e 781 788 848
e 788 786 985
e 788 789 148
e 788 790 660
e 790 787 520
e 790 793 685
e 790 797 146
e 790 799 794
e 799 798 893
e 799 802 927
e 799 803 442
e 803 801 313
e 803 806 805
e 803 807 809
e 807 801 881
e 807 806 698
e 806 805 619
e 805 800 585
e 805 808 244
e 805 811 271
e 805 812 717
e 812 809 621
e 812 811 61
e 812 814 571
e 812 817 325
e 812 819 871
e 812 821 41
e 821 815 234
e 821 818 861
e 821 819 785
e 819 814 378
e 814 818 769
e 814 820 23
e 820 815 858
e 820 816 437
e 820 817 518
e 816 815 449
e 815 818 392
e 815 822 376
e 815 823 220
e 815 824 759
e 824 825 924
e 825 822 617
e 825 823 362
e 825 826 154
e 826 822 870
e 822 823 162
e 822 828 18
e 822 832 61
e 822 833 279
e 833 828 484
e 833 830 368
e 833 834 289
e 833 835 847
e 835 831 631
e 831 827 508
e 831 830 888
e 831 838 735
e 831 839 424
e 839 837 650
e 839 840 994
e 840 836 234
e 840 837 256
e 837 841 393
e 837 845 413
e 837 847 856
e 847 848 272
e 848 844 357
e 848 845 980
e 845 844 503
e 845 846 60
e 846 842 241
e 846 844 145
e 844 841 25
e 844 843 452
e 843 842 94
e 836 838 46
e 830 828 551
e 830 834 452
e 834 829 680
e 829 827 731
e 827 828 612
e 827 832 884
e 811 813 357
e 813 810 53
e 810 809 693
e 808 800 473
e 808 802 949
e 802 801 186
e 802 804 59
e 804 801 327
e 801 800 425
e 798 793 43
e 798 794 785
e 798 797 22
e 797 791 932
e 797 792 55
e 792 791 393
e 792 794 124
e 792 796 800
e 796 791 601
e 796 793 784
e 793 795 705
e 795 791 422
e 791 794 245
e 787 785 986
e 787 786 957
e 787 789 191
e 786 785 541
e 780 778 186
e 780 779 649
e 780 782 113
e 782 778 48
e 782 779 557
e 779 778 840
e 779 783 806
e 783 778 812
e 778 777 362
e 773 772 166
e 773 774 688
e 774 776 982
e 776 772 832
e 756 748 105
e 756 754 542
e 754 751 980
e 748 750 541
e 750 752 708
e 735 729 467
e 735 732 699
e 732 730 628
e 728 722 242
e 728 724 443
e 724 722 361
e 722 721 787
e 722 723 105
e 700 696 933
e 688 686 715
e 682 678 670
e 682 681 387
e 681 678 787
e 659 658 710
e 655 654 840
e 651 653 836
e 653 648 341
e 653 649 663
e 631 633 236
e 630 627 626
e 627 623 987
e 627 625 859
e 625 623 653
e 625 624 264
e 625 628 52
e 628 624 508
e 628 629 256
e 629 623 452
e 629 624 239
e 616 615 663
e 616 617 171
e 606 610 169
e 602 601 868
e 602 604 564
e 604 601 394
e 601 600 999
e 77 4 591
e 77 7 75
e 77 9 600
e 77 11 92
e 77 15 304
e 77 16 848
e 77 23 11
e 77 27 512
e 77 28 96
e 77 29 863
e 77 30 621
e 77 32 499
e 77 33 847
e 77 35 596
e 77 38 809
e 77 39 112
e 77 40 984
e 77 41 448
e 77 43 516
e 77 44 819
e 77 48 497
e 77 52 244
e 77 53 117
e 77 55 776
e 77 56 249
e 77 58 143
e 77 59 380
e 77 61 844
e 77 62 339
e 77 63 556
e 77 65 836
e 77 66 630
e 77 69 935
e 77 70 157
e 77 72 277
e 72 5 363
e 72 6 29
e 72 7 503
e 72 9 581
e 72 10 310
e 72 13 474
e 72 14 843
e 72 16 921
e 72 17 409
e 72 19 23
e 72 20 726
e 72 21 109
e 72 23 384
e 72 24 109
e 72 28 736
e 72 30 730
e 72 31 604
e 72 34 351
e 72 35 549
e 72 36 495
e 72 37 88
e 72 38 683
e 72 41 314
e 72 42 441
e 72 45 289
e 72 46 937
e 72 53 887
e 72 57 112
e 72 61 786
e 72 63 360
e 72 66 344
e 72 67 403
e 72 69 21
e 72 71 287
e 71 3 868
e 71 5 170
e 71 9 498
e 71 10 46
e 71 15 570
e 71 18 648
e 71 19 760
e 71 20 394
e 71 23 24
e 71 25 815
e 71 27 699
e 71 29 27
e 71 30 506
e 71 33 791
e 71 34 517
e 71 35 491
e 71 36 553
e 71 38 936
e 71 41 424
e 71 45 556
e 71 46 392
e 71 47 556
e 71 48 554
e 71 50 579
e 71 51 400
e 71 52 270
e 71 53 508
e 71 54 698
e 71 55 306
e 71 58 471
e 71 61 131
e 71 62 712
e 71 65 438
e 71 67 403
e 71 68 279
e 71 69 842
e 71 73 33
e 73 2 646
e 73 3 504
e 73 4 870
e 73 5 941
e 73 6 894
e 73 7 208
e 73 8 245
e 73 13 771
e 73 17 574
e 73 18 790
e 73 20 595
e 73 22 566
e 73 23 568
e 73 24 521
e 73 25 145
e 73 26 912
e 73 28 64
e 73 29 62
e 73 30 522
e 73 38 546
e 73 42 560
e 73 43 463
e 73 45 899
e 73 46 319
e 73 48 529
e 73 50 238
e 73 52 267
e 73 53 134
e 73 55 57
e 73 56 344
e 73 59 307
e 73 60 797
e 73 63 263
e 73 64 214
e 73 65 279
e 73 66 945
e 66 2 418
e 66 4 490
e 66 7 778
e 66 8 673
e 66 10 756
e 66 12 810
e 66 13 274
e 66 15 191
e 66 16 867
e 66 17 628
e 66 20 613
e 66 22 473
e 66 24 950
e 66 27 349
e 66 28 197
e 66 30 973
e 66 32 656
e 66 34 570
e 66 37 389
e 66 38 680
e 66 40 992
e 66 44 651
e 66 45 15
e 66 47 290
e 66 51 485
e 66 54 648
e 66 56 153
e 66 59 91
e 66 62 410
e 66 64 633
e 66 68 703
e 68 4 498
e 68 8 504
e 68 9 523
e 68 11 460
e 68 12 638
e 68 13 670
e 68 15 226
e 68 17 340
e 68 18 602
e 68 21 740
e 68 22 70
e 68 27 328
e 68 28 169
e 68 29 928
e 68 30 467
e 68 32 146
e 68 33 780
e 68 34 698
e 68 35 475
e 68 38 534
e 68 39 295
e 68 40 723
e 68 41 618
e 68 44 146
e 68 46 366
e 68 47 715
e 68 49 229
e 68 51 13
e 68 52 250
e 68 53 757
e 68 54 630
e 68 56 662
e 68 60 899
e 68 61 865
e 68 62 266
e 68 64 945
e 68 65 751
e 68 70 620
e 70 6 647
e 70 10 92
e 70 11 136
e 70 14 347
e 70 16 661
e 70 17 471
e 70 18 25
e 70 22 396
e 70 26 865
e 70 29 371
e 70 31 340
e 70 34 892
e 70 37 234
e 70 38 417
e 70 39 24
e 70 40 788
e 70 44 278
e 70 45 761
e 70 48 253
e 70 49 280
e 70 50 854
e 70 53 77
e 70 58 38
e 70 60 976
e 70 69 657
e 69 3 941
e 69 4 321
e 69 6 464
e 69 7 953
e 69 9 806
e 69 10 277
e 69 11 309
e 69 14 478
e 69 15 553
e 69 17 922
e 69 18 659
e 69 19 830
e 69 21 682
e 69 28 124
e 69 32 348
e 69 33 139
e 69 35 459
e 69 37 203
e 69 38 963
e 69 47 693
e 69 48 692
e 69 49 33
e 69 50 712
e 69 51 281
e 69 52 874
e 69 53 594
e 69 54 339
e 69 55 494
e 69 58 12
e 69 60 458
e 69 61 365
e 69 62 528
e 69 63 309
e 69 64 372
e 64 4 257
e 64 5 484
e 64 7 628
e 64 9 553
e 64 11 90
e 64 15 45
e 64 23 491
e 64 25 128
e 64 30 453
e 64 32 558
e 64 33 347
e 64 35 146
e 64 36 719
e 64 39 80
e 64 42 268
e 64 43 205
e 64 45 277
e 64 46 938
e 64 48 137
e 64 49 578
e 64 50 464
e 64 51 764
e 64 52 480
e 64 58 56
e 64 60 734
e 64 61 845
e 64 63 135
e 64 65 938
e 64 67 226
e 67 2 130
e 67 4 811
e 67 5 951
e 67 7 986
e 67 9 200
e 67 10 590
e 67 14 408
e 67 15 590
e 67 17 373
e 67 18 169
e 67 21 149
e 67 24 790
e 67 26 312
e 67 28 297
e 67 30 525
e 67 32 552
e 67 34 148
e 67 37 792
e 67 41 573
e 67 42 260
e 67 44 884
e 67 46 770
e 67 50 243
e 67 52 502
e 67 54 875
e 67 55 386
e 67 57 503
e 67 58 72
e 67 59 761
e 67 60 136
e 67 61 867
e 67 63 688
e 67 347 223
e 67 350 698
e 350 351 404
e 351 347 859
e 351 348 837
e 351 352 756
e 352 349 552
e 349 348 556
e 349 353 357
e 349 354 780
e 354 355 127
e 355 356 246
e 356 353 827
e 353 357 396
e 353 359 552
e 353 360 592
e 360 358 171
e 358 359 381
e 358 361 869
e 358 362 796
e 358 363 977
e 363 361 30
e 363 364 852
e 364 362 869
e 364 365 621
e 364 367 272
e 367 369 296
e 367 370 828
e 370 368 955
e 370 369 294
e 369 366 666
e 369 368 931
e 368 366 533
e 368 373 659
e 368 375 661
e 375 371 700
e 375 376 263
e 376 371 549
e 376 372 309
e 376 374 795
e 374 371 996
e 374 372 999
e 374 373 39
e 374 379 104
e 374 382 508
e 382 377 629
e 382 380 299
e 380 377 565
e 380 381 977
e 381 378 733
e 381 383 666
e 381 384 866
e 381 385 852
e 381 386 16
e 381 387 409
e 387 383 570
e 387 384 128
e 387 385 706
e 387 386 13
e 386 384 684
e 386 385 475
e 385 383 429
e 385 384 265
e 384 383 840
e 383 390 550
e 383 393 720
e 393 389 405
e 393 394 745
e 394 388 490
e 394 390 472
e 394 391 157
e 394 392 695
e 392 388 245
e 388 395 217
e 395 389 351
e 389 397 174
e 389 399 463
e 389 400 895
e 400 399 233
e 400 403 191
e 400 404 337
e 400 405 728
e 400 406 604
e 400 408 531
e 408 405 566
e 405 407 770
e 405 409 751
e 409 404 626
e 409 406 528
e 406 402 513
e 402 403 884
e 402 407 106
e 407 404 354
e 404 403 47
e 404 411 114
e 404 417 912
e 417 410 304
e 417 412 77
e 417 413 175
e 417 414 800
e 414 411 237
e 414 412 426
e 414 413 800
e 411 410 28
e 411 415 102
e 411 416 680
e 416 415 426
e 415 410 200
e 410 422 18
e 410 423 334
e 423 418 25
e 423 419 639
e 423 421 73
e 421 422 978
e 421 427 481
e 421 428 270
e 421 430 595
e 430 424 439
e 430 426 384
e 430 428 557
e 430 429 981
e 429 425 636
e 429 428 67
e 428 426 518
e 426 427 525
e 427 424 836
e 427 425 437
e 425 431 308
e 425 432 566
e 432 434 902
e 432 435 665
e 432 442 705
e 442 435 582
e 442 439 405
e 439 437 349
e 439 441 752
e 439 443 773
e 439 445 629
e 445 446 16
e 446 444 630
e 444 443 13
e 443 447 965
e 443 450 497
e 450 448 12
e 450 449 400
e 450 451 205
e 451 447 991
e 451 452 715
e 451 454 710
e 451 456 376
e 451 457 78
e 457 458 309
e 458 452 112
e 458 454 635
e 458 456 896
e 458 459 840
e 458 462 611
e 458 463 553
e 458 464 249
e 458 466 706
e 458 467 867
e 467 459 637
e 467 466 176
e 466 459 934
e 466 461 938
e 466 463 217
e 466 465 646
e 465 461 608
e 461 462 303
e 462 463 580
e 459 460 339
e 459 468 217
e 459 469 634
e 459 471 808
e 471 468 924
e 471 470 464
e 470 468 887
e 470 469 747
e 470 476 921
e 470 480 135
e 480 473 628
e 480 477 845
e 480 478 66
e 480 479 732
e 479 472 413
e 479 475 880
e 475 472 890
e 475 473 62
e 475 474 777
e 475 476 479
e 475 478 784
e 478 476 182
e 478 477 204
e 477 473 488
e 477 482 304
e 477 483 754
e 483 482 568
e 483 484 663
e 484 481 542
e 484 482 158
e 482 481 181
e 481 485 150
e 481 487 478
e 481 488 620
e 481 489 238
e 489 485 621
e 485 488 385
e 485 490 636
e 490 487 134
e 487 486 581
e 487 492 251
e 487 494 139
e 487 497 545
e 497 495 434
e 497 496 758
e 496 491 313
e 496 493 35
e 496 494 566
e 496 495 913
e 496 499 897
e 496 500 866
e 496 501 73
e 501 498 50
e 498 500 395
e 500 499 853
e 500 502 495
e 500 503 330
e 500 504 61
e 504 503 550
e 504 505 698
e 505 502 671
e 503 506 559
e 503 511 647
e 511 507 363
e 511 508 956
e 508 507 123
e 507 512 680
e 512 506 15
e 512 509 444
e 512 513 311
e 513 506 630
e 513 510 711
e 510 509 162
e 509 506 729
e 509 515 454
e 509 516 630
e 509 517 32
e 517 514 448
e 517 516 587
e 517 518 23
e 517 520 603
e 520 514 981
e 520 518 618
e 520 522 384
e 520 524 865
e 520 526 405
e 526 521 12
e 526 523 536
e 526 527 614
e 527 521 791
e 527 522 559
e 522 521 212
e 522 525 428
e 522 528 295
e 522 530 331
e 522 533 567
e 522 534 947
e 534 530 97
e 530 529 953
e 530 531 320
e 530 533 431
e 533 529 296
e 531 532 907
e 532 528 796
e 528 536 881
e 528 537 458
e 537 538 326
e 537 539 689
e 537 540 263
e 537 543 960
e 537 545 965
e 545 539 769
e 545 546 85
e 545 547 253
e 545 549 568
e 545 550 252
e 545 552 579
e 545 553 889
e 545 555 305
e 555 548 661
e 548 549 986
e 548 550 959
e 550 551 313
e 551 547 168
e 551 549 131
e 551 552 212
e 551 554 873
e 551 556 405
e 551 558 523
e 558 556 763
e 558 557 465
e 557 556 952
e 557 559 24
e 559 556 986
e 559 560 925
e 559 565 182
e 565 562 215
e 565 563 472
e 565 564 296
e 565 566 799
e 565 567 137
e 565 572 205
e 565 576 668
e 576 570 956
e 576 571 783
e 576 572 930
e 576 573 180
e 576 574 852
e 576 575 575
e 575 569 863
e 575 570 455
e 575 571 220
e 571 568 52
e 571 570 289
e 571 573 206
e 571 574 159
e 570 578 865
e 570 580 674
e 570 582 159
e 582 578 644
e 582 579 657
e 582 581 68
e 581 579 891
e 581 583 349
e 581 585 715
e 581 586 48
e 586 583 269
e 586 584 843
e 586 585 721
e 584 583 98
e 583 588 631
e 583 590 977
e 590 592 383
e 592 588 861
e 592 589 879
e 592 593 443
e 593 588 218
e 588 594 315
e 594 589 595
e 594 591 360
e 591 587 743
e 591 589 717
e 589 587 99
e 579 578 266
e 579 580 984
e 580 577 180
e 580 578 268
e 578 577 159
e 568 569 465
e 568 572 911
e 567 563 764
e 567 564 356
e 567 566 551
e 564 561 699
e 561 562 824
e 562 560 296
e 554 547 465
e 554 552 221
e 552 547 116
e 549 553 865
e 546 539 682
e 546 540 647
e 546 541 21
e 546 543 267
e 541 542 875
e 542 544 858
e 544 540 967
e 538 535 313
e 538 536 863
e 536 535 26
e 525 524 984
e 524 523 269
e 518 514 594
e 518 516 83
e 518 519 762
e 519 514 857
e 519 515 904
e 519 516 864
e 516 514 728
e 514 515 998
e 495 491 839
e 495 494 272
e 494 493 732
e 491 492 727
e 486 488 605
e 473 474 271
e 473 476 450
e 476 474 376
e 460 464 74
e 456 452 560
e 456 455 565
e 455 453 212
e 453 452 519
e 447 448 168
e 447 449 715
e 441 436 610
e 436 438 793
e 436 440 552
e 440 438 862
e 438 435 259
e 435 437 135
e 434 433 821
e 433 431 47
e 422 418 337
e 422 419 68
e 419 420 774
e 420 418 876
e 399 401 463
e 401 396 341
e 401 398 307
e 398 396 372
e 398 397 971
e 391 390 550
e 378 377 307
e 378 379 112
e 379 377 260
e 373 372 663
e 366 365 88
e 362 361 130
e 359 357 985
e 348 347 524
e 63 3 659
e 63 6 467
e 63 7 755
e 63 9 22
e 63 11 350
e 63 13 198
e 63 14 66
e 63 20 718
e 63 23 141
e 63 25 956
e 63 26 157
e 63 28 42
e 63 29 328
e 63 30 327
e 63 31 39
e 63 35 905
e 63 36 205
e 63 38 516
e 63 39 704
e 63 40 131
e 63 41 685
e 63 42 710
e 63 48 573
e 63 54 322
e 63 55 934
e 63 56 929
e 63 57 494
e 57 2 929
e 57 8 206
e 57 10 282
e 57 14 874
e 57 16 874
e 57 17 605
e 57 19 996
e 57 20 567
e 57 21 462
e 57 22 950
e 57 24 692
e 57 28 713
e 57 32 413
e 57 37 557
e 57 38 265
e 57 39 930
e 57 40 21
e 57 43 403
e 57 44 143
e 57 45 878
e 57 51 377
e 57 53 161
e 57 54 444
e 57 58 826
e 57 59 210
e 57 61 157
e 57 62 174
e 57 65 718
e 65 3 334
e 65 5 670
e 65 10 838
e 65 12 782
e 65 14 550
e 65 15 547
e 65 16 478
e 65 18 161
e 65 19 801
e 65 20 742
e 65 21 588
e 65 22 725
e 65 23 673
e 65 24 284
e 65 26 973
e 65 30 556
e 65 31 29
e 65 32 585
e 65 33 458
e 65 34 625
e 65 36 657
e 65 37 728
e 65 38 562
e 65 39 496
e 65 40 897
e 65 41 820
e 65 44 58
e 65 45 407
e 65 46 526
e 65 47 219
e 65 49 805
e 65 53 593
e 65 54 411
e 65 58 703
e 65 60 863
e 60 6 673
e 60 7 384
e 60 8 52
e 60 13 961
e 60 14 316
e 60 17 976
e 60 22 853
e 60 27 539
e 60 30 84
e 60 32 904
e 60 33 832
e 60 34 83
e 60 36 227
e 60 41 294
e 60 44 699
e 60 45 562
e 60 50 601
e 60 55 317
e 60 58 215
e 60 61 308
e 61 2 653
e 61 3 782
e 61 5 332
e 61 6 903
e 61 7 781
e 61 8 72
e 61 13 270
e 61 15 113
e 61 17 366
e 61 19 895
e 61 20 280
e 61 21 780
e 61 22 333
e 61 25 558
e 61 26 48
e 61 27 402
e 61 28 143
e 61 30 304
e 61 31 178
e 61 32 112
e 61 33 655
e 61 34 90
e 61 42 810
e 61 43 986
e 61 44 591
e 61 47 216
e 61 52 299
e 61 53 217
e 61 54 780
e 61 55 954
e 61 56 163
e 61 59 327
e 61 62 83
e 62 2 451
e 62 3 483
e 62 4 44
e 62 8 50
e 62 10 264
e 62 11 642
e 62 14 569
e 62 17 395
e 62 18 761
e 62 20 329
e 62 21 543
e 62 22 853
e 62 23 842
e 62 25 133
e 62 26 689
e 62 27 225
e 62 28 375
e 62 30 324
e 62 32 608
e 62 33 496
e 62 34 283
e 62 36 558
e 62 37 559
e 62 41 984
e 62 44 744
e 62 47 721
e 62 48 197
e 62 49 577
e 62 50 424
e 62 55 563
e 55 4 400
e 55 5 69
e 55 10 266
e 55 11 132
e 55 12 742
e 55 15 49
e 55 16 335
e 55 18 167
e 55 28 613
e 55 38 448
e 55 39 731
e 55 40 614
e 55 41 448
e 55 42 100
e 55 43 905
e 55 45 443
e 55 46 508
e 55 50 194
e 55 51 252
e 55 53 742
e 55 54 424
e 55 58 457
e 55 59 602
e 59 6 609
e 59 7 160
e 59 8 481
e 59 9 566
e 59 10 367
e 59 12 797
e 59 13 863
e 59 15 644
e 59 16 717
e 59 17 909
e 59 18 443
e 59 19 350
e 59 21 537
e 59 22 75
e 59 24 184
e 59 27 826
e 59 28 913
e 59 30 499
e 59 32 473
e 59 34 340
e 59 35 884
e 59 41 193
e 59 43 508
e 59 45 748
e 59 46 814
e 59 53 783
e 53 2 878
e 53 3 408
e 53 7 599
e 53 8 877
e 53 9 86
e 53 11 767
e 53 14 613
e 53 17 348
e 53 18 537
e 53 19 953
e 53 21 612
e 53 23 913
e 53 24 757
e 53 26 629
e 53 27 625
e 53 28 70
e 53 29 637
e 53 34 829
e 53 35 24
e 53 36 97
e 53 37 85
e 53 38 709
e 53 39 732
e 53 40 506
e 53 41 558
e 53 44 180
e 53 47 858
e 53 48 307
e 53 49 630
e 53 58 85
e 58 2 764
e 58 3 18
e 58 6 469
e 58 7 807
e 58 8 588
e 58 11 947
e 58 14 243
e 58 17 988
e 58 18 244
e 58 19 787
e 58 20 202
e 58 21 369
e 58 23 93
e 58 24 372
e 58 25 473
e 58 26 70
e 58 27 113
e 58 29 446
e 58 31 819
e 58 32 268
e 58 36 722
e 58 37 455
e 58 38 489
e 58 39 476
e 58 40 802
e 58 44 316
e 58 46 623
e 58 50 447
e 58 54 953
e 54 4 668
e 54 6 894
e 54 7 906
e 54 9 597
e 54 10 628
e 54 11 598
e 54 12 819
e 54 14 295
e 54 16 657
e 54 17 895
e 54 18 859
e 54 19 943
e 54 20 489
e 54 21 18
e 54 23 838
e 54 24 538
e 54 26 136
e 54 28 961
e 54 30 289
e 54 32 744
e 54 34 975
e 54 38 656
e 54 40 798
e 54 43 988
e 54 44 126
e 54 46 577
e 54 47 572
e 54 49 137
e 54 51 669
e 54 52 194
e 54 56 465
e 56 4 850
e 56 6 408
e 56 8 807
e 56 9 534
e 56 13 49
e 56 14 559
e 56 19 356
e 56 20 281
e 56 26 609
e 56 28 506
e 56 30 450
e 56 33 132
e 56 34 954
e 56 35 520
e 56 36 830
e 56 38 121
e 56 40 638
e 56 43 994
e 56 44 988
e 56 46 445
e 56 48 764
e 48 2 764
e 48 4 723
e 48 5 556
e 48 6 247
e 48 7 949
e 48 8 342
e 48 14 884
e 48 15 856
e 48 19 885
e 48 20 42
e 48 21 728
e 48 23 66
e 48 26 503
e 48 27 541
e 48 29 559
e 48 33 916
e 48 34 339
e 48 36 957
e 48 38 124
e 48 39 541
e 48 43 984
e 48 44 606
e 48 46 603
e 48 47 275
e 48 49 953
e 48 50 225
e 50 2 649
e 50 6 596
e 50 7 320
e 50 9 374
e 50 11 211
e 50 12 254
e 50 14 65
e 50 15 869
e 50 16 96
e 50 17 593
e 50 18 878
e 50 19 658
e 50 20 66
e 50 21 456
e 50 24 991
e 50 26 173
e 50 29 353
e 50 30 87
e 50 31 991
e 50 32 886
e 50 34 312
e 50 38 491
e 50 39 957
e 50 44 471
e 50 45 813
e 50 47 200
e 50 49 916
e 50 51 194
e 50 52 435
e 52 2 763
e 52 6 878
e 52 7 34
e 52 13 47
e 52 14 837
e 52 16 975
e 52 20 225
e 52 22 333
e 52 23 91
e 52 24 976
e 52 26 885
e 52 27 626
e 52 28 195
e 52 32 402
e 52 37 257
e 52 44 614
e 52 45 301
e 45 6 916
e 45 8 789
e 45 11 845
e 45 13 705
e 45 21 992
e 45 22 645
e 45 23 949
e 45 24 676
e 45 26 631
e 45 27 393
e 45 34 365
e 45 38 387
e 45 40 963
e 45 41 260
e 45 43 984
e 45 44 547
e 45 49 191
e 45 51 183
e 51 3 262
e 51 4 264
e 51 9 330
e 51 10 78
e 51 14 624
e 51 15 217
e 51 16 51
e 51 17 891
e 51 18 870
e 51 19 438
e 51 22 976
e 51 23 218
e 51 25 148
e 51 26 777
e 51 33 821
e 51 35 549
e 51 37 364
e 51 38 218
e 51 40 424
e 51 41 903
e 51 44 936
e 51 46 850
e 46 2 76
e 46 4 546
e 46 6 554
e 46 9 810
e 46 10 675
e 46 11 385
e 46 12 919
e 46 14 970
e 46 15 391
e 46 18 408
e 46 19 82
e 46 22 656
e 46 26 727
e 46 27 218
e 46 28 407
e 46 31 58
e 46 33 484
e 46 35 593
e 46 37 975
e 46 38 519
e 46 40 971
e 46 44 952
e 46 47 935
e 46 49 39
e 49 2 66
e 49 5 714
e 49 7 496
e 49 9 902
e 49 13 108
e 49 15 718
e 49 18 822
e 49 19 360
e 49 21 775
e 49 27 518
e 49 32 303
e 49 36 206
e 49 37 202
e 49 38 880
e 49 39 667
e 49 40 428
e 49 42 305
e 49 47 251
e 47 3 673
e 47 5 112
e 47 6 956
e 47 8 549
e 47 12 252
e 47 13 519
e 47 14 698
e 47 16 399
e 47 19 627
e 47 24 599
e 47 27 874
e 47 28 700
e 47 29 21
e 47 33 821
e 47 35 208
e 47 36 482
e 47 41 93
e 47 43 195
e 43 2 620
e 43 4 457
e 43 5 532
e 43 6 263
e 43 10 640
e 43 11 981
e 43 12 586
e 43 13 52
e 43 15 929
e 43 16 266
e 43 17 984
e 43 18 543
e 43 19 948
e 43 21 723
e 43 23 936
e 43 25 181
e 43 26 520
e 43 27 942
e 43 28 379
e 43 29 320
e 43 31 855
e 43 32 904
e 43 33 509
e 43 34 770
e 43 35 273
e 43 36 719
e 36 2 270
e 36 3 865
e 36 4 737
e 36 6 644
e 36 7 603
e 36 8 391
e 36 11 997
e 36 12 671
e 36 13 525
e 36 14 976
e 36 16 782
e 36 19 350
e 36 20 14
e 36 22 394
e 36 26 870
e 36 27 830
e 36 28 778
e 36 30 686
e 36 31 517
e 36 35 846
e 36 37 594
e 36 40 763
e 36 41 994
e 41 2 823
e 41 4 918
e 41 5 685
e 41 9 944
e 41 11 161
e 41 20 512
e 41 21 783
e 41 23 454
e 41 26 301
e 41 27 200
e 41 29 100
e 41 30 43
e 41 31 862
e 41 34 779
e 41 35 82
e 41 38 303
e 41 39 382
e 41 40 95
e 41 44 702
e 44 4 878
e 44 5 132
e 44 8 818
e 44 11 24
e 44 14 540
e 44 16 755
e 44 18 469
e 44 19 355
e 44 20 679
e 44 23 548
e 44 27 188
e 44 30 581
e 44 33 834
e 44 34 771
e 44 38 387
e 44 42 11
e 42 6 586
e 42 8 46
e 42 9 835
e 42 10 226
e 42 11 274
e 42 12 591
e 42 13 605
e 42 14 467
e 42 15 247
e 42 18 725
e 42 19 717
e 42 23 699
e 42 26 624
e 42 29 155
e 42 30 959
e 42 38 526
e 42 39 642
e 42 40 700
e 40 2 281
e 40 6 467
e 40 8 75
e 40 10 674
e 40 14 487
e 40 16 665
e 40 19 895
e 40 20 779
e 40 25 923
e 40 26 381
e 40 27 85
e 40 28 442
e 40 30 919
e 40 32 727
e 40 34 961
e 40 37 649
e 40 38 83
e 38 3 223
e 38 6 378
e 38 7 77
e 38 8 690
e 38 11 684
e 38 15 758
e 38 16 856
e 38 21 780
e 38 23 757
e 38 24 933
e 38 26 944
e 38 27 961
e 38 31 912
e 38 32 712
e 38 33 686
e 38 34 743
e 38 35 237
e 35 3 92
e 35 4 295
e 35 5 505
e 35 11 905
e 35 14 283
e 35 16 580
e 35 17 275
e 35 21 145
e 35 23 516
e 35 24 687
e 35 26 797
e 35 27 87
e 35 28 362
e 35 33 134
e 35 34 468
e 35 37 702
e 35 39 134
e 39 2 582
e 39 3 548
e 39 4 835
e 39 11 824
e 39 12 975
e 39 13 74
e 39 16 235
e 39 18 709
e 39 19 414
e 39 22 179
e 39 24 354
e 39 26 642
e 39 27 194
e 39 29 644
e 39 30 285
e 39 32 413
e 39 33 734
e 39 37 588
e 37 2 446
e 37 3 532
e 37 5 82
e 37 6 847
e 37 7 812
e 37 13 914
e 37 14 329
e 37 15 988
e 37 17 233
e 37 18 905
e 37 19 739
e 37 20 443
e 37 22 190
e 37 25 620
e 37 26 266
e 37 27 943
e 37 28 909
e 37 29 239
e 37 30 326
e 30 2 367
e 30 5 809
e 30 6 446
e 30 7 505
e 30 8 747
e 30 10 912
e 30 11 781
e 30 12 817
e 30 13 733
e 30 14 731
e 30 15 925
e 30 16 24
e 30 18 973
e 30 19 64
e 30 20 392
e 30 21 447
e 30 23 43
e 30 24 291
e 30 28 285
e 30 29 664
e 30 32 197
e 30 33 921
e 33 3 301
e 33 5 989
e 33 7 142
e 33 8 268
e 33 9 798
e 33 10 659
e 33 11 670
e 33 12 563
e 33 16 893
e 33 18 644
e 33 19 70
e 33 22 538
e 33 23 775
e 33 24 813
e 33 25 655
e 33 27 490
e 33 32 632
e 33 34 37
e 34 2 556
e 34 3 249
e 34 4 107
e 34 5 331
e 34 7 138
e 34 9 354
e 34 10 483
e 34 11 380
e 34 12 252
e 34 13 728
e 34 16 904
e 34 17 436
e 34 19 314
e 34 20 637
e 34 21 171
e 34 22 621
e 34 23 934
e 34 24 994
e 34 25 68
e 34 28 322
e 34 29 259
e 34 31 639
e 31 3 905
e 31 6 222
e 31 8 584
e 31 9 22
e 31 13 403
e 31 14 962
e 31 19 566
e 31 21 975
e 31 22 525
e 31 23 506
e 31 28 708
e 31 29 13
e 29 3 366
e 29 5 623
e 29 7 484
e 29 8 119
e 29 10 977
e 29 17 875
e 29 18 302
e 29 19 670
e 29 20 273
e 29 21 566
e 29 24 243
e 29 25 131
e 29 26 20
e 29 32 676
e 32 3 939
e 32 5 887
e 32 6 674
e 32 7 402
e 32 15 73
e 32 16 151
e 32 20 611
e 32 21 244
e 32 23 284
e 32 24 406
e 32 25 33
e 32 26 99
e 32 27 964
e 27 2 367
e 27 7 107
e 27 8 679
e 27 10 28
e 27 11 395
e 27 12 111
e 27 14 762
e 27 17 612
e 27 18 740
e 27 19 150
e 27 20 562
e 27 21 219
e 27 25 703
e 25 5 96
e 25 6 523
e 25 8 315
e 25 9 181
e 25 10 27
e 25 12 499
e 25 16 261
e 25 17 896
e 25 18 643
e 25 20 447
e 25 22 837
e 25 23 280
e 25 26 973
e 26 2 870
e 26 3 256
e 26 4 891
e 26 6 972
e 26 7 494
e 26 8 228
e 26 9 26
e 26 10 502
e 26 13 588
e 26 14 277
e 26 15 506
e 26 17 267
e 26 18 834
e 26 19 515
e 26 21 733
e 26 22 206
e 26 23 838
e 26 24 383
e 26 28 636
e 28 2 838
e 28 3 345
e 28 6 493
e 28 7 441
e 28 11 356
e 28 12 823
e 28 14 563
e 28 15 934
e 28 18 874
e 28 20 731
e 28 21 948
e 28 23 329
e 23 9 983
e 23 10 742
e 23 11 156
e 23 16 183
e 23 17 97
e 23 20 964
e 23 21 345
e 23 22 293
e 23 24 194
e 24 2 400
e 24 3 50
e 24 7 466
e 24 11 356
e 24 12 457
e 24 13 81
e 24 14 581
e 24 16 188
e 24 18 656
e 24 19 589
e 19 4 385
e 19 5 778
e 19 7 413
e 19 8 868
e 19 11 833
e 19 12 980
e 19 14 999
e 19 15 793
e 19 16 900
e 19 18 526
e 19 21 209
e 19 22 972
e 22 4 745
e 22 6 489
e 22 11 673
e 22 12 757
e 22 14 833
e 22 16 36
e 22 17 518
e 22 18 822
e 22 20 433
e 20 2 982
e 20 4 471
e 20 5 37
e 20 7 151
e 20 8 698
e 20 9 926
e 20 13 378
e 20 16 24
e 20 21 679
e 20 106 48
e 20 108 315
e 108 102 883
e 108 107 505
e 107 105 927
e 107 110 70
e 107 111 291
e 107 112 719
e 107 116 897
e 116 110 871
e 116 111 64
e 116 115 83
e 116 117 225
e 117 109 71
e 117 115 938
e 115 113 970
e 115 118 929
e 115 119 955
e 115 120 988
e 115 122 800
e 115 124 658
e 124 119 736
e 124 121 306
e 124 125 610
e 125 119 121
e 125 121 977
e 125 123 756
e 123 118 162
e 123 120 583
e 120 121 670
e 120 122 552
e 121 126 684
e 121 127 868
e 121 130 336
e 121 131 223
e 121 133 731
e 133 126 78
e 133 127 746
e 133 128 514
e 133 131 252
e 133 132 415
e 133 135 989
e 133 136 420
e 133 138 284
e 133 139 361
e 133 140 503
e 133 141 683
e 141 136 933
e 141 138 503
e 138 135 309
e 138 136 499
e 138 139 703
e 139 135 332
e 139 136 567
e 139 137 115
e 139 143 729
e 139 144 299
e 144 143 792
e 144 145 343
e 145 142 523
e 145 146 752
e 145 149 287
e 149 146 441
e 149 147 636
e 147 146 193
e 147 148 408
e 148 146 925
e 148 152 548
e 148 153 932
e 153 154 980
e 154 150 224
e 154 152 159
e 152 151 21
e 152 155 304
e 152 157 46
e 152 158 40
e 158 157 739
e 158 159 653
e 158 160 123
e 158 161 565
e 161 160 182
e 160 159 477
e 160 163 861
e 160 165 916
e 160 166 753
e 166 162 362
e 162 163 407
e 162 164 777
e 162 168 54
e 168 165 949
e 165 164 82
e 165 167 582
e 167 164 200
e 164 163 471
e 164 169 943
e 164 170 185
e 170 171 980
e 170 172 607
e 172 171 632
e 171 173 194
e 171 174 637
e 171 177 186
e 171 178 892
e 178 174 574
e 178 175 600
e 175 174 63
e 175 176 126
e 176 177 302
e 176 179 165
e 176 181 522
e 176 182 772
e 182 180 723
e 182 183 236
e 182 184 223
e 184 183 970
e 183 181 54
e 181 187 362
e 181 189 221
e 189 185 428
e 189 186 347
e 186 187 968
e 186 190 191
e 190 185 53
e 190 191 46
e 190 192 497
e 190 193 479
e 193 194 128
e 194 191 58
e 194 192 616
e 191 196 462
e 191 197 139
e 191 198 858
e 198 196 623
e 196 195 44
e 195 197 955
e 197 203 418
e 197 204 427
e 204 200 510
e 204 201 161
e 204 202 192
e 204 205 792
e 204 211 607
e 204 212 541
e 212 205 56
e 212 206 833
e 212 210 88
e 212 211 62
e 211 206 17
e 211 208 182
e 211 210 465
e 210 208 18
e 210 209 304
e 209 207 19
e 209 208 759
e 208 205 54
e 205 207 792
e 205 213 67
e 205 214 559
e 205 215 806
e 205 216 98
e 205 217 957
e 217 213 685
e 217 218 279
e 217 225 941
e 225 218 497
e 225 224 758
e 224 218 38
e 224 222 297
e 222 218 725
e 222 219 157
e 222 221 274
e 222 223 568
e 223 218 692
e 218 220 708
e 218 221 218
e 218 226 723
e 218 228 749
e 218 229 900
e 229 227 396
e 227 226 252
e 227 228 877
e 228 226 606
e 226 230 486
e 226 231 482
e 226 233 287
e 226 235 745
e 235 230 463
e 230 233 81
e 233 231 832
e 233 232 46
e 233 236 301
e 236 231 909
e 236 234 198
e 236 237 795
e 236 239 736
e 236 240 963
e 236 241 335
e 241 238 254
e 241 239 930
e 241 244 120
e 244 237 296
e 244 238 502
e 244 240 787
e 244 242 166
e 244 243 990
e 243 237 313
e 243 238 115
e 243 242 720
e 242 238 845
e 240 239 737
e 239 245 93
e 239 252 106
e 252 247 627
e 252 248 985
e 252 250 971
e 250 247 925
e 247 245 194
e 247 246 681
e 246 248 738
e 246 251 508
e 251 245 589
e 251 249 362
e 251 253 496
e 251 254 171
e 251 255 674
e 251 257 941
e 257 254 107
e 257 259 109
e 257 261 398
e 261 262 370
e 262 258 898
e 262 260 587
e 260 258 205
e 258 259 962
e 259 263 172
e 259 265 671
e 259 267 426
e 267 263 486
e 267 268 170
e 268 265 382
e 265 264 666
e 265 269 632
e 265 272 72
e 265 273 981
e 273 270 377
e 273 271 76
e 273 275 620
e 273 276 593
e 276 275 894
e 275 269 342
e 275 271 14
e 275 272 203
e 272 271 682
e 269 274 678
e 274 270 453
e 274 279 352
e 274 280 470
e 280 281 863
e 281 277 583
e 281 279 301
e 279 277 259
e 279 278 41
e 279 283 224
e 283 278 381
e 283 284 288
e 283 288 453
e 288 285 690
e 288 286 169
e 286 287 763
e 287 284 146
e 287 285 429
e 285 293 964
e 285 294 133
e 294 289 754
e 294 290 133
e 294 292 472
e 294 295 785
e 295 292 712
e 292 290 136
e 290 289 391
e 290 291 712
e 290 293 827
e 290 296 129
e 290 298 555
e 298 300 569
e 298 302 849
e 298 305 884
e 298 306 51
e 298 307 343
e 298 308 800
e 308 304 404
e 308 307 32
e 308 310 942
e 308 311 911
e 311 309 246
e 311 312 815
e 312 310 326
e 310 309 598
e 310 313 704
e 310 314 627
e 310 315 622
e 310 316 355
e 316 314 258
e 316 315 698
e 316 317 952
e 316 318 458
e 316 320 440
e 320 318 874
e 320 319 573
e 319 317 423
e 319 318 221
e 319 321 446
e 319 326 502
e 326 321 870
e 326 322 759
e 326 323 91
e 326 325 603
e 325 322 739
e 322 321 581
e 322 323 948
e 322 324 375
e 322 328 696
e 322 329 790
e 329 330 391
e 329 334 951
e 329 337 36
e 337 332 993
e 337 334 834
e 337 336 247
e 336 335 474
e 336 338 760
e 338 332 201
e 338 333 827
e 333 331 741
e 333 334 733
e 333 335 711
e 333 339 952
e 333 346 249
e 346 339 955
e 346 343 36
e 346 344 843
e 344 339 955
e 344 341 61
e 344 342 56
e 344 345 453
e 345 342 736
e 345 343 497
e 343 341 840
e 343 342 418
e 342 340 421
e 340 341 70
e 335 331 751
e 335 332 446
e 335 334 123
e 334 332 415
e 330 327 910
e 330 328 267
e 328 327 758
e 324 321 219
e 315 313 465
e 307 304 781
e 304 305 194
e 304 306 502
e 302 296 629
e 302 300 283
e 302 303 393
e 303 296 789
e 303 297 583
e 303 299 569
e 303 300 140
e 300 301 280
e 301 297 938
e 301 299 706
e 291 289 300
e 278 282 108
e 282 277 519
e 264 266 191
e 266 263 845
e 254 253 866
e 254 256 625
e 256 253 532
e 253 255 817
e 249 245 928
e 245 248 787
e 234 232 828
e 232 231 565
e 221 219 338
e 219 220 107
e 213 214 884
e 213 215 308
e 215 214 226
e 215 216 123
e 207 206 778
e 202 203 406
e 203 201 356
e 201 199 885
e 201 200 440
e 200 199 153
e 185 187 541
e 185 188 961
e 188 187 55
e 180 179 941
e 177 174 303
e 173 169 82
e 159 157 626
e 155 150 249
e 155 156 969
e 156 151 31
e 142 143 435
e 137 140 702
e 140 135 740
e 132 127 411
e 127 126 468
e 127 129 192
e 129 130 928
e 129 131 150
e 129 134 896
e 134 128 915
e 113 112 301
e 109 111 343
e 109 114 857
e 114 110 365
e 105 101 871
e 101 102 316
e 102 103 158
e 103 104 323
e 104 106 620
e 21 4 724
e 21 5 653
e 21 7 702
e 21 8 397
e 21 10 212
e 21 11 121
e 21 12 211
e 21 13 766
e 21 14 35
e 21 16 183
e 21 18 699
e 18 2 463
e 18 4 177
e 18 5 81
e 18 6 470
e 18 7 762
e 18 8 231
e 18 9 497
e 18 12 569
e 18 13 777
e 18 14 784
e 14 3 19
e 14 6 447
e 14 7 441
e 14 9 765
e 14 11 982
e 14 15 480
e 14 16 500
e 14 17 765
e 17 3 798
e 17 5 28
e 17 7 853
e 17 9 623
e 17 13 136
e 17 15 450
e 15 2 678
e 15 6 221
e 15 8 487
e 15 9 841
e 15 10 920
e 15 12 894
e 12 2 87
e 12 3 41
e 12 4 957
e 12 5 492
e 12 6 818
e 12 13 155
e 12 16 870
e 12 1117 272
e 12 1122 525
e 1122 1121 895
e 1122 1123 725
e 1122 1124 939
e 1124 1120 112
e 1124 1121 374
e 1121 1117 303
e 1121 1118 290
e 1118 1120 869
e 1118 1125 749
e 1118 1126 638
e 1118 1130 538
e 1130 1125 129
e 1125 1127 311
e 1125 1128 111
e 1125 1129 917
e 1129 1127 328
e 1129 1131 424
e 1129 1134 455
e 1129 1135 214
e 1129 1136 772
e 1136 1133 427
e 1136 1138 959
e 1136 1139 349
e 1136 1141 637
e 1136 1143 695
e 1136 1144 338
e 1144 1139 13
e 1144 1142 52
e 1142 1140 75
e 1142 1143 38
e 1143 1138 730
e 1143 1140 949
e 1140 1141 232
e 1141 1139 137
e 1139 1148 621
e 1139 1151 109
e 1139 1152 996
e 1139 1153 937
e 1153 1145 962
e 1153 1146 964
e 1153 1148 477
e 1153 1149 171
e 1153 1151 430
e 1151 1146 517
e 1151 1149 206
e 1151 1150 544
e 1151 1152 805
e 1152 1147 479
e 1147 1146 828
e 1147 1148 619
e 1147 1149 16
e 1149 1146 418
e 1149 1150 682
e 1150 1146 595
e 1146 1148 291
e 1146 1154 87
e 1146 1156 948
e 1146 1157 294
e 1157 1156 992
e 1157 1158 654
e 1157 1159 376
e 1159 1154 782
e 1159 1155 461
e 1155 1154 968
e 1155 1158 109
e 1155 1160 283
e 1155 1161 237
e 1155 1165 335
e 1165 1163 614
e 1163 1160 42
e 1163 1164 210
e 1163 1166 354
e 1163 1167 234
e 1163 1168 236
e 1163 1169 501
e 1163 1171 49
e 1163 1174 54
e 1174 1168 661
e 1174 1170 311
e 1174 1172 238
e 1174 1173 912
e 1173 1170 112
e 1173 1175 601
e 1173 1176 944
e 1173 1177 64
e 1173 1179 332
e 1179 1177 350
e 1179 1178 479
e 1179 1180 36
e 1180 1175 352
e 1180 1176 341
e 1180 1177 316
e 1180 1181 120
e 1181 1175 907
e 1175 1176 950
e 1176 1178 637
e 1176 1182 47
e 1176 1183 80
e 1183 1184 659
e 1183 1185 257
e 1183 1187 317
e 1183 1189 932
e 1183 1190 661
e 1183 1191 654
e 1191 1190 873
e 1190 1188 327
e 1190 1192 85
e 1192 1187 958
e 1187 1186 324
e 1187 1189 919
e 1189 1186 308
e 1189 1188 714
e 1186 1193 112
e 1186 1196 871
e 1196 1194 825
e 1196 1195 577
e 1196 1197 129
e 1196 1199 665
e 1196 1200 731
e 1196 1201 607
e 1196 1202 853
e 1202 1199 647
e 1202 1200 947
e 1200 1198 801
e 1200 1199 251
e 1200 1205 596
e 1200 1209 470
e 1209 1203 629
e 1209 1206 455
e 1209 1207 901
e 1207 1203 789
e 1207 1208 621
e 1207 1210 992
e 1210 1203 438
e 1210 1204 238
e 1210 1206 394
e 1210 1211 888
e 1211 1204 816
e 1211 1206 390
e 1206 1203 732
e 1206 1205 939
e 1206 1208 631
e 1208 1203 769
e 1208 1205 442
e 1208 1213 821
e 1208 1214 790
e 1208 1215 989
e 1208 1217 428
e 1217 1212 558
e 1217 1213 225
e 1217 1216 991
e 1217 1219 552
e 1217 1220 280
e 1220 1218 960
e 1220 1222 126
e 1220 1223 876
e 1220 1225 570
e 1220 1228 558
e 1228 1222 583
e 1228 1227 840
e 1227 1222 999
e 1227 1223 478
e 1227 1224 470
e 1224 1222 546
e 1224 1225 341
e 1225 1222 34
e 1225 1226 836
e 1226 1223 373
e 1222 1231 421
e 1222 1234 855
e 1222 1235 520
e 1235 1232 311
e 1235 1233 377
e 1235 1234 662
e 1235 1237 432
e 1237 1230 638
e 1237 1231 598
e 1237 1233 416
e 1233 1232 440
e 1233 1236 410
e 1236 1232 922
e 1236 1239 970
e 1236 1241 362
e 1241 1240 199
e 1240 1238 680
e 1240 1239 578
e 1240 1242 309
e 1240 1244 988
e 1244 1245 18
e 1244 1246 778
e 1246 1238 581
e 1246 1239 475
e 1246 1242 524
e 1242 1243 471
e 1242 1248 898
e 1242 1249 187
e 1242 1251 811
e 1242 1254 763
e 1254 1248 63
e 1254 1253 11
e 1253 1249 143
e 1249 1247 933
e 1249 1248 588
e 1249 1250 563
e 1249 1252 177
e 1252 1251 11
e 1251 1247 545
e 1251 1250 166
e 1247 1255 282
e 1247 1260 707
e 1247 1262 46
e 1262 1256 93
e 1262 1260 614
e 1260 1257 302
e 1260 1261 525
e 1261 1255 522
e 1261 1259 671
e 1259 1255 312
e 1257 1256 217
e 1257 1258 483
e 1257 1263 323
e 1257 1266 985
e 1266 1267 698
e 1266 1268 129
e 1266 1269 982
e 1269 1270 153
e 1269 1274 465
e 1269 1275 891
e 1275 1277 369
e 1277 1272 249
e 1272 1276 892
e 1276 1273 771
e 1273 1274 593
e 1274 1278 708
e 1274 1279 648
e 1274 1281 472
e 1274 1283 973
e 1274 1284 718
e 1274 1285 705
e 1274 1286 613
e 1286 1281 728
e 1286 1285 774
e 1285 1278 50
e 1285 1279 958
e 1285 1280 440
e 1285 1284 882
e 1284 1278 390
e 1284 1279 961
e 1279 1278 929
e 1278 1283 80
e 1283 1280 985
e 1283 1281 90
e 1281 1280 987
e 1281 1282 502
e 1282 1280 123
e 1282 1288 810
e 1282 1292 378
e 1292 1291 878
e 1292 1293 567
e 1293 1290 98
e 1290 1287 122
e 1290 1294 688
e 1290 1302 440
e 1302 1299 243
e 1302 1300 769
e 1300 1296 687
e 1300 1298 797
e 1298 1294 378
e 1294 1301 108
e 1301 1297 25
e 1301 1299 422
e 1299 1306 932
e 1299 1308 851
e 1299 1309 565
e 1309 1310 572
e 1310 1303 540
e 1310 1311 884
e 1310 1314 237
e 1314 1313 347
e 1314 1318 219
e 1314 1322 370
e 1314 1324 64
e 1314 1325 371
e 1325 1323 296
e 1325 1327 233
e 1325 1328 621
e 1325 1331 470
e 1331 1327 332
e 1331 1329 71
e 1331 1330 674
e 1330 1327 811
e 1330 1328 23
e 1330 1329 282
e 1329 1327 336
e 1327 1333 416
e 1327 1336 525
e 1336 1332 349
e 1336 1334 694
e 1334 1332 925
e 1334 1333 114
e 1334 1335 34
e 1334 1338 542
e 1334 1339 502
e 1339 1337 937
e 1339 1338 69
e 1339 1340 68
e 1340 1337 65
e 1340 1341 106
e 1340 1346 882
e 1346 1342 753
e 1346 1343 196
e 1346 1345 612
e 1346 1347 939
e 1346 1349 867
e 1346 1350 299
e 1346 1352 90
e 1346 1353 247
e 1346 1354 209
e 1354 1348 127
e 1354 1349 381
e 1354 1352 667
e 1352 1351 764
e 1351 1347 644
e 1351 1353 653
e 1353 1348 68
e 1353 1350 509
e 1353 1355 170
e 1355 1349 468
e 1355 1350 606
e 1350 1348 94
e 1350 1349 251
e 1350 1356 502
e 1350 1357 294
e 1350 1358 48
e 1350 1363 220
e 1363 1358 260
e 1363 1359 27
e 1363 1360 600
e 1363 1361 276
e 1363 1362 908
e 1362 1359 800
e 1362 1360 486
e 1360 1359 436
e 1359 1358 46
e 1358 1357 267
e 1358 1364 810
e 1358 1367 395
e 1367 1366 324
e 1366 1364 444
e 1366 1365 518
e 1366 1368 80
e 1366 1370 279
e 1366 1373 822
e 1366 1374 569
e 1374 1372 535
e 1372 1368 611
e 1372 1369 370
e 1369 1370 593
e 1369 1371 529
e 1371 1368 73
e 1371 1373 286
e 1373 1368 800
e 1368 1376 489
e 1368 1379 751
e 1379 1375 50
e 1375 1378 144
e 1378 1380 500
e 1378 1381 131
e 1381 1376 249
e 1381 1377 946
e 1381 1380 134
e 1380 1383 285
e 1380 1384 284
e 1380 1385 52
e 1385 1382 107
e 1385 1384 514
e 1385 1386 953
e 1386 1384 166
e 1382 1383 322
e 1377 1376 12
e 1365 1364 374
e 1357 1361 121
e 1361 1356 49
e 1349 1347 698
e 1349 1348 274
e 1345 1341 714
e 1345 1343 676
e 1343 1344 652
e 1344 1341 942
e 1344 1342 95
e 1342 1341 871
e 1337 1338 66
e 1335 1332 198
e 1332 1333 909
e 1323 1321 654
e 1323 1322 686
e 1322 1321 178
e 1321 1320 277
e 1320 1326 956
e 1326 1324 123
e 1318 1315 653
e 1318 1316 752
e 1316 1313 822
e 1316 1317 507
e 1316 1319 429
e 1319 1312 512
e 1319 1315 871
e 1319 1317 378
e 1317 1313 461
e 1312 1311 809
e 1303 1304 881
e 1304 1305 172
e 1304 1308 633
e 1308 1306 51
e 1306 1305 509
e 1306 1307 462
e 1307 1305 744
e 1297 1295 956
e 1297 1296 302
e 1296 1295 293
e 1287 1288 596
e 1287 1289 349
e 1289 1288 292
e 1289 1291 562
e 1270 1271 683
e 1271 1268 398
e 1267 1264 718
e 1267 1265 255
e 1265 1263 957
e 1263 1264 426
e 1258 1256 181
e 1243 1239 847
e 1243 1245 409
e 1232 1229 906
e 1232 1231 643
e 1232 1234 15
e 1231 1230 643
e 1230 1229 857
e 1218 1221 594
e 1221 1219 833
e 1216 1212 714
e 1216 1214 249
e 1216 1215 468
e 1215 1213 416
e 1205 1203 953
e 1205 1204 273
e 1198 1201 654
e 1197 1193 176
e 1197 1194 396
e 1193 1195 369
e 1185 1182 320
e 1182 1184 608
e 1170 1169 253
e 1170 1171 409
e 1171 1168 752
e 1168 1172 366
e 1167 1160 305
e 1167 1161 107
e 1167 1162 425
e 1167 1166 194
e 1166 1160 749
e 1166 1162 274
e 1162 1160 184
e 1162 1161 936
e 1162 1164 701
e 1164 1161 117
e 1158 1154 94
e 1158 1156 684
e 1148 1145 79
e 1133 1134 753
e 1133 1137 980
e 1137 1132 365
e 1132 1134 479
e 1132 1135 924
e 1135 1134 258
e 1131 1127 565
e 1131 1128 450
e 1127 1126 734
e 1120 1119 302
e 1119 1117 810
e 1117 1123 842
e 16 2 676
e 16 6 502
e 16 7 840
e 16 10 741
e 16 11 488
e 16 13 48
e 13 2 94
e 13 3 676
e 13 4 788
e 13 6 106
e 13 10 479
e 13 11 970
e 11 3 16
e 11 5 562
e 11 7 773
e 11 8 212
e 8 2 583
e 8 6 57
e 8 9 435
e 8 10 995
e 10 3 993
e 10 4 370
e 10 5 408
e 5 6 837
e 5 9 692
e 9 2 460
e 9 6 536
e 6 3 11
e 6 4 140
e 4 2 887
e 4 3 502
e 3 7 326
