c solution = 10,4010
p edge 1084 4599
e 1 2 835
e 1 4 527
e 1 6 325
e 1 8 328
e 1 10 621
e 1 13 923
e 1 18 852
e 1 19 43
e 1 20 315
e 1 21 454
e 1 23 396
e 1 26 463
e 1 28 303
e 1 32 102
e 1 34 358
e 1 35 137
e 1 37 113
e 1 39 207
e 1 40 794
e 1 43 876
e 1 53 229
e 1 57 306
e 1 58 462
e 1 67 394
e 1 69 100
e 1 70 993
e 1 74 330
e 1 76 502
e 1 77 654
e 1 78 732
e 1 83 151
e 1 84 216
e 1 87 966
e 1 88 82
e 1 89 866
e 1 94 846
e 1 96 879
e 1 97 165
e 1 98 416
e 98 3 235
e 98 4 541
e 98 5 218
e 98 6 427
e 98 7 100
e 98 14 734
e 98 15 601
e 98 16 239
e 98 20 815
e 98 24 439
e 98 25 33
e 98 26 64
e 98 29 714
e 98 30 931
e 98 38 641
e 98 39 785
e 98 40 769
e 98 42 226
e 98 43 76
e 98 50 859
e 98 51 676
e 98 52 189
e 98 53 43
e 98 55 774
e 98 57 432
e 98 58 725
e 98 59 406
e 98 60 413
e 98 63 142
e 98 64 557
e 98 65 964
e 98 66 297
e 98 67 578
e 98 68 464
e 98 69 478
e 98 70 794
e 98 72 554
e 98 76 90
e 98 79 502
e 98 80 894
e 98 81 923
e 98 84 651
e 98 86 269
e 98 87 540
e 98 90 480
e 98 91 727
e 98 93 402
e 98 95 764
e 98 96 846
e 98 97 238
e 98 99 553
e 99 2 137
e 99 3 564
e 99 6 90
e 99 7 449
e 99 8 526
e 99 10 449
e 99 12 84
e 99 16 16
e 99 17 750
e 99 19 873
e 99 20 747
e 99 21 680
e 99 23 380
e 99 24 358
e 99 27 910
e 99 28 584
e 99 30 478
e 99 31 758
e 99 32 643
e 99 33 25
e 99 34 221
e 99 35 439
e 99 36 551
e 99 38 30
e 99 39 577
e 99 43 981
e 99 44 71
e 99 46 769
e 99 49 139
e 99 50 207
e 99 51 301
e 99 52 814
e 99 53 278
e 99 56 967
e 99 57 502
e 99 58 576
e 99 60 863
e 99 62 570
e 99 63 330
e 99 64 536
e 99 66 26
e 99 67 783
e 99 70 907
e 99 71 395
e 99 73 135
e 99 76 950
e 99 77 504
e 99 80 823
e 99 82 463
e 99 83 839
e 99 84 655
e 99 85 363
e 99 86 458
e 99 87 796
e 99 88 248
e 99 89 315
e 99 90 837
e 99 94 970
e 99 95 92
e 99 96 890
e 96 2 632
e 96 3 532
e 96 4 541
e 96 6 743
e 96 9 942
e 96 15 880
e 96 18 314
e 96 20 623
e 96 21 607
e 96 25 520
e 96 29 95
e 96 30 116
e 96 31 221
e 96 32 106
e 96 35 1000
e 96 39 716
e 96 41 57
e 96 42 558
e 96 43 538
e 96 44 207
e 96 47 600
e 96 48 675
e 96 49 281
e 96 50 804
e 96 51 760
e 96 53 437
e 96 54 916
e 96 56 731
e 96 58 973
e 96 61 791
e 96 62 523
e 96 64 186
e 96 66 514
e 96 73 174
e 96 74 238
e 96 77 651
e 96 78 468
e 96 79 845
e 96 81 481
e 96 83 62
e 96 84 620
e 96 87 350
e 96 89 83
e 96 90 369
e 96 94 818
e 96 100 92
e 100 2 631
e 100 8 921
e 100 10 128
e 100 11 66
e 100 13 458
e 100 15 583
e 100 16 476
e 100 17 104
e 100 19 647
e 100 20 147
e 100 24 306
e 100 25 380
e 100 26 836
e 100 27 983
e 100 28 343
e 100 30 176
e 100 31 155
e 100 33 589
e 100 34 612
e 100 36 911
e 100 39 676
e 100 41 64
e 100 43 355
e 100 44 703
e 100 45 478
e 100 46 654
e 100 51 966
e 100 55 290
e 100 59 156
e 100 61 324
e 100 66 941
e 100 68 41
e 100 69 777
e 100 70 858
e 100 72 434
e 100 75 357
e 100 77 141
e 100 81 322
e 100 83 928
e 100 85 420
e 100 88 71
e 100 92 526
e 100 93 539
e 100 97 624
e 97 2 88
e 97 5 724
e 97 6 393
e 97 9 386
e 97 11 806
e 97 12 688
e 97 14 265
e 97 15 297
e 97 16 756
e 97 20 587
e 97 21 848
e 97 24 399
e 97 25 523
e 97 27 238
e 97 29 809
e 97 31 528
e 97 32 586
e 97 36 150
e 97 42 415
e 97 43 672
e 97 44 759
e 97 46 24
e 97 47 115
e 97 49 521
e 97 50 694
e 97 51 246
e 97 53 835
e 97 54 74
e 97 56 450
e 97 59 625
e 97 61 632
e 97 62 243
e 97 63 419
e 97 69 961
e 97 70 256
e 97 71 896
e 97 72 802
e 97 77 751
e 97 78 424
e 97 79 836
e 97 81 778
e 97 82 427
e 97 83 281
e 97 84 581
e 97 87 746
e 97 89 130
e 97 92 29
e 97 95 977
e 95 2 361
e 95 3 488
e 95 9 47
e 95 10 190
e 95 11 871
e 95 12 937
e 95 13 895
e 95 15 288
e 95 21 92
e 95 24 422
e 95 25 148
e 95 27 206
e 95 29 386
e 95 30 544
e 95 31 447
e 95 32 840
e 95 33 134
e 95 36 805
e 95 37 793
e 95 38 655
e 95 39 404
e 95 43 485
e 95 45 217
e 95 46 350
e 95 47 748
e 95 51 356
e 95 52 624
e 95 53 944
e 95 54 65
e 95 56 812
e 95 57 105
e 95 59 611
e 95 60 295
e 95 63 162
e 95 64 954
e 95 66 790
e 95 67 839
e 95 70 916
e 95 71 467
e 95 72 581
e 95 73 613
e 95 74 378
e 95 75 491
e 95 76 857
e 95 77 412
e 95 78 391
e 95 79 340
e 95 83 997
e 95 84 985
e 95 85 547
e 95 87 761
e 95 88 953
e 95 90 998
e 95 91 790
e 95 92 291
e 95 93 206
e 95 94 17
e 94 2 345
e 94 3 43
e 94 8 907
e 94 9 430
e 94 10 856
e 94 12 607
e 94 13 473
e 94 14 488
e 94 16 813
e 94 17 132
e 94 23 416
e 94 25 337
e 94 28 432
e 94 29 19
e 94 31 705
e 94 35 328
e 94 36 668
e 94 38 799
e 94 39 92
e 94 40 302
e 94 41 627
e 94 42 693
e 94 43 93
e 94 44 388
e 94 46 62
e 94 47 826
e 94 49 363
e 94 51 435
e 94 52 981
e 94 55 744
e 94 58 565
e 94 62 891
e 94 64 424
e 94 67 197
e 94 72 908
e 94 74 486
e 94 76 999
e 94 77 947
e 94 82 647
e 94 83 789
e 94 84 72
e 94 85 411
e 94 87 205
e 94 88 627
e 94 89 486
e 94 90 286
e 94 91 502
e 94 92 994
e 94 93 723
e 93 5 50
e 93 7 701
e 93 8 94
e 93 9 446
e 93 11 796
e 93 14 333
e 93 16 213
e 93 17 623
e 93 19 757
e 93 21 75
e 93 22 574
e 93 25 17
e 93 28 679
e 93 31 140
e 93 34 442
e 93 35 304
e 93 38 774
e 93 39 37
e 93 41 75
e 93 42 489
e 93 44 186
e 93 45 376
e 93 47 17
e 93 48 382
e 93 49 887
e 93 50 889
e 93 54 13
e 93 56 91
e 93 57 305
e 93 59 891
e 93 60 58
e 93 61 116
e 93 65 649
e 93 69 950
e 93 71 403
e 93 74 932
e 93 77 855
e 93 81 587
e 93 82 254
e 93 83 795
e 93 85 316
e 93 86 234
e 93 90 52
e 93 92 820
e 92 2 450
e 92 3 251
e 92 4 930
e 92 5 234
e 92 6 148
e 92 7 784
e 92 8 102
e 92 9 767
e 92 10 614
e 92 14 633
e 92 15 413
e 92 17 64
e 92 19 413
e 92 22 30
e 92 23 689
e 92 24 856
e 92 28 459
e 92 32 717
e 92 33 674
e 92 34 164
e 92 37 592
e 92 39 577
e 92 40 118
e 92 43 220
e 92 44 385
e 92 46 595
e 92 48 497
e 92 49 713
e 92 52 866
e 92 54 904
e 92 59 725
e 92 60 477
e 92 63 575
e 92 64 617
e 92 66 186
e 92 67 360
e 92 68 241
e 92 69 436
e 92 70 516
e 92 75 455
e 92 76 807
e 92 77 621
e 92 79 515
e 92 80 636
e 92 81 252
e 92 82 106
e 92 84 518
e 92 86 30
e 92 87 248
e 92 89 146
e 92 90 918
e 90 2 886
e 90 3 448
e 90 5 563
e 90 8 402
e 90 9 782
e 90 10 710
e 90 11 702
e 90 16 21
e 90 18 207
e 90 19 972
e 90 21 699
e 90 22 661
e 90 24 209
e 90 27 848
e 90 28 690
e 90 30 319
e 90 34 167
e 90 35 826
e 90 36 786
e 90 37 286
e 90 39 794
e 90 43 52
e 90 44 763
e 90 46 842
e 90 47 497
e 90 53 576
e 90 55 540
e 90 59 770
e 90 60 353
e 90 61 872
e 90 63 634
e 90 65 617
e 90 66 208
e 90 67 889
e 90 70 873
e 90 75 150
e 90 76 571
e 90 79 219
e 90 80 606
e 90 82 191
e 90 83 233
e 90 84 212
e 90 85 762
e 90 88 823
e 90 89 316
e 90 91 882
e 91 2 143
e 91 3 877
e 91 9 116
e 91 13 43
e 91 20 544
e 91 21 398
e 91 22 342
e 91 23 669
e 91 25 443
e 91 26 466
e 91 29 847
e 91 30 530
e 91 31 363
e 91 32 207
e 91 33 430
e 91 35 589
e 91 37 423
e 91 39 203
e 91 40 588
e 91 43 999
e 91 44 612
e 91 46 668
e 91 49 292
e 91 50 702
e 91 51 612
e 91 52 727
e 91 56 294
e 91 59 338
e 91 60 18
e 91 62 773
e 91 63 462
e 91 64 797
e 91 65 107
e 91 66 951
e 91 69 155
e 91 70 959
e 91 72 504
e 91 76 82
e 91 77 580
e 91 78 170
e 91 79 469
e 91 80 619
e 91 81 717
e 91 82 658
e 91 85 214
e 91 86 793
e 91 87 120
e 91 89 212
e 89 7 134
e 89 8 636
e 89 9 915
e 89 10 80
e 89 11 376
e 89 12 361
e 89 13 45
e 89 18 678
e 89 22 530
e 89 23 95
e 89 25 245
e 89 31 89
e 89 32 138
e 89 33 833
e 89 37 480
e 89 39 392
e 89 40 426
e 89 41 510
e 89 42 215
e 89 44 183
e 89 45 12
e 89 47 333
e 89 49 583
e 89 53 124
e 89 57 103
e 89 59 277
e 89 61 74
e 89 62 585
e 89 64 150
e 89 65 613
e 89 66 250
e 89 71 627
e 89 73 863
e 89 75 751
e 89 76 88
e 89 77 538
e 89 79 37
e 89 80 738
e 89 81 79
e 89 82 612
e 89 83 74
e 89 84 523
e 89 86 344
e 86 5 341
e 86 8 46
e 86 10 63
e 86 12 778
e 86 15 515
e 86 16 866
e 86 17 550
e 86 18 624
e 86 19 717
e 86 20 884
e 86 21 845
e 86 23 163
e 86 24 155
e 86 27 752
e 86 28 477
e 86 29 165
e 86 31 65
e 86 33 632
e 86 34 274
e 86 35 945
e 86 36 514
e 86 37 342
e 86 38 422
e 86 39 367
e 86 40 515
e 86 42 782
e 86 45 218
e 86 48 987
e 86 49 756
e 86 51 343
e 86 52 540
e 86 53 291
e 86 57 318
e 86 59 360
e 86 60 172
e 86 63 650
e 86 65 91
e 86 69 987
e 86 70 443
e 86 71 240
e 86 72 252
e 86 73 770
e 86 74 681
e 86 75 235
e 86 77 221
e 86 81 646
e 86 82 97
e 86 83 739
e 83 3 299
e 83 4 441
e 83 5 721
e 83 11 423
e 83 12 721
e 83 18 602
e 83 19 117
e 83 24 555
e 83 26 153
e 83 27 52
e 83 28 93
e 83 31 98
e 83 32 687
e 83 33 32
e 83 34 67
e 83 44 785
e 83 48 420
e 83 50 128
e 83 54 654
e 83 59 692
e 83 60 356
e 83 61 935
e 83 62 738
e 83 63 462
e 83 64 446
e 83 68 206
e 83 70 768
e 83 71 18
e 83 74 641
e 83 75 850
e 83 78 361
e 83 79 906
e 83 81 337
e 83 84 804
e 83 85 444
e 83 88 905
e 88 3 225
e 88 4 282
e 88 8 16
e 88 10 782
e 88 13 759
e 88 16 584
e 88 20 939
e 88 22 292
e 88 23 861
e 88 24 560
e 88 27 147
e 88 29 890
e 88 32 402
e 88 33 941
e 88 35 373
e 88 36 218
e 88 38 764
e 88 39 844
e 88 46 682
e 88 48 763
e 88 49 389
e 88 50 968
e 88 51 251
e 88 52 731
e 88 53 815
e 88 57 805
e 88 59 860
e 88 62 440
e 88 63 450
e 88 65 151
e 88 66 225
e 88 67 953
e 88 71 589
e 88 72 447
e 88 73 956
e 88 77 656
e 88 79 266
e 88 82 23
e 88 87 806
e 87 2 490
e 87 5 379
e 87 6 383
e 87 11 234
e 87 12 748
e 87 15 210
e 87 19 760
e 87 24 109
e 87 25 512
e 87 28 78
e 87 30 111
e 87 31 67
e 87 32 327
e 87 35 811
e 87 37 413
e 87 40 780
e 87 41 193
e 87 42 57
e 87 43 882
e 87 48 49
e 87 49 558
e 87 50 706
e 87 52 970
e 87 53 541
e 87 55 993
e 87 56 183
e 87 58 255
e 87 60 540
e 87 64 564
e 87 65 606
e 87 67 109
e 87 70 687
e 87 72 84
e 87 75 215
e 87 76 987
e 87 79 961
e 87 80 459
e 87 81 908
e 87 82 780
e 87 84 170
e 87 85 322
e 85 5 209
e 85 6 995
e 85 7 673
e 85 10 917
e 85 12 443
e 85 16 655
e 85 17 139
e 85 19 320
e 85 20 780
e 85 27 797
e 85 28 245
e 85 29 925
e 85 30 623
e 85 32 945
e 85 34 447
e 85 39 387
e 85 40 433
e 85 41 795
e 85 48 485
e 85 50 244
e 85 51 906
e 85 52 579
e 85 53 988
e 85 54 160
e 85 55 482
e 85 57 608
e 85 58 920
e 85 61 870
e 85 63 800
e 85 68 349
e 85 69 659
e 85 71 645
e 85 72 167
e 85 73 851
e 85 77 529
e 85 78 578
e 85 80 411
e 80 2 583
e 80 5 637
e 80 6 89
e 80 8 625
e 80 9 845
e 80 12 695
e 80 13 803
e 80 14 864
e 80 16 85
e 80 17 433
e 80 20 173
e 80 21 821
e 80 22 646
e 80 25 455
e 80 26 542
e 80 31 162
e 80 32 209
e 80 33 907
e 80 37 928
e 80 39 819
e 80 41 31
e 80 42 327
e 80 44 945
e 80 45 960
e 80 48 649
e 80 49 661
e 80 53 545
e 80 54 434
e 80 56 304
e 80 57 491
e 80 60 360
e 80 66 101
e 80 69 783
e 80 70 643
e 80 73 484
e 80 78 131
e 80 79 402
e 79 5 443
e 79 6 733
e 79 7 844
e 79 9 352
e 79 11 845
e 79 12 110
e 79 13 929
e 79 15 976
e 79 18 553
e 79 20 304
e 79 24 703
e 79 25 549
e 79 27 50
e 79 31 68
e 79 33 224
e 79 35 178
e 79 37 549
e 79 42 579
e 79 47 760
e 79 48 110
e 79 49 775
e 79 51 187
e 79 54 661
e 79 55 615
e 79 56 246
e 79 57 726
e 79 59 980
e 79 64 704
e 79 66 994
e 79 67 636
e 79 68 639
e 79 69 882
e 79 70 631
e 79 73 570
e 79 74 878
e 79 76 108
e 79 77 788
e 79 78 821
e 79 82 82
e 79 84 647
e 84 3 206
e 84 5 118
e 84 7 923
e 84 12 700
e 84 15 161
e 84 20 47
e 84 28 872
e 84 29 782
e 84 32 926
e 84 34 677
e 84 37 622
e 84 38 360
e 84 39 593
e 84 41 599
e 84 43 900
e 84 48 316
e 84 50 198
e 84 52 329
e 84 53 921
e 84 54 470
e 84 56 378
e 84 61 633
e 84 63 949
e 84 66 301
e 84 67 346
e 84 72 321
e 84 73 264
e 84 74 283
e 84 75 242
e 75 2 605
e 75 3 315
e 75 4 817
e 75 5 277
e 75 8 141
e 75 9 184
e 75 13 95
e 75 14 71
e 75 17 763
e 75 18 592
e 75 19 160
e 75 21 536
e 75 22 581
e 75 24 639
e 75 26 752
e 75 29 419
e 75 35 978
e 75 36 509
e 75 41 817
e 75 42 372
e 75 44 486
e 75 45 218
e 75 46 119
e 75 47 583
e 75 51 823
e 75 52 296
e 75 54 775
e 75 55 943
e 75 56 534
e 75 57 446
e 75 58 82
e 75 64 987
e 75 65 162
e 75 67 581
e 75 69 73
e 75 70 533
e 75 71 335
e 75 72 334
e 75 73 621
e 75 76 792
e 75 77 431
e 75 82 871
e 82 2 16
e 82 3 429
e 82 4 104
e 82 5 940
e 82 6 586
e 82 7 800
e 82 10 338
e 82 11 703
e 82 14 313
e 82 15 638
e 82 16 230
e 82 17 228
e 82 20 260
e 82 21 583
e 82 22 827
e 82 23 724
e 82 25 208
e 82 26 252
e 82 27 78
e 82 28 215
e 82 29 601
e 82 32 791
e 82 33 123
e 82 34 38
e 82 37 545
e 82 39 138
e 82 40 84
e 82 41 767
e 82 42 651
e 82 44 385
e 82 49 292
e 82 50 762
e 82 54 429
e 82 57 698
e 82 59 507
e 82 61 808
e 82 63 709
e 82 64 201
e 82 65 936
e 82 66 660
e 82 68 56
e 82 69 948
e 82 70 901
e 82 71 941
e 82 72 131
e 82 73 67
e 82 74 766
e 74 3 431
e 74 4 142
e 74 7 216
e 74 9 760
e 74 13 499
e 74 14 412
e 74 17 173
e 74 19 202
e 74 20 40
e 74 21 111
e 74 24 833
e 74 28 851
e 74 29 88
e 74 30 671
e 74 33 374
e 74 36 871
e 74 37 58
e 74 39 692
e 74 41 644
e 74 42 167
e 74 44 619
e 74 45 170
e 74 48 44
e 74 49 330
e 74 50 108
e 74 51 440
e 74 53 207
e 74 54 184
e 74 56 693
e 74 57 878
e 74 58 687
e 74 59 61
e 74 61 959
e 74 63 198
e 74 66 809
e 74 68 459
e 74 69 507
e 74 72 90
e 74 73 297
e 74 76 113
e 74 77 251
e 74 78 953
e 78 2 500
e 78 3 380
e 78 5 769
e 78 7 321
e 78 8 584
e 78 12 642
e 78 13 261
e 78 15 992
e 78 16 203
e 78 20 140
e 78 22 36
e 78 23 469
e 78 24 892
e 78 26 111
e 78 31 546
e 78 34 696
e 78 35 549
e 78 38 907
e 78 39 548
e 78 43 828
e 78 45 229
e 78 46 985
e 78 48 401
e 78 49 424
e 78 50 37
e 78 51 954
e 78 52 491
e 78 55 486
e 78 57 570
e 78 58 779
e 78 61 478
e 78 62 234
e 78 63 218
e 78 66 751
e 78 67 409
e 78 68 209
e 78 77 448
e 78 81 319
e 81 2 574
e 81 3 18
e 81 4 221
e 81 5 734
e 81 8 613
e 81 10 804
e 81 11 406
e 81 12 912
e 81 14 262
e 81 17 96
e 81 20 355
e 81 21 490
e 81 24 526
e 81 25 428
e 81 26 457
e 81 27 188
e 81 29 499
e 81 34 117
e 81 35 903
e 81 37 46
e 81 39 577
e 81 40 935
e 81 41 246
e 81 44 822
e 81 47 682
e 81 48 266
e 81 49 713
e 81 50 337
e 81 51 482
e 81 52 41
e 81 53 532
e 81 58 385
e 81 59 25
e 81 60 948
e 81 63 508
e 81 65 86
e 81 68 861
e 81 69 728
e 81 70 46
e 81 71 53
e 81 76 16
e 76 5 609
e 76 6 377
e 76 8 903
e 76 9 349
e 76 11 952
e 76 17 315
e 76 18 651
e 76 19 148
e 76 22 848
e 76 26 39
e 76 27 142
e 76 28 757
e 76 29 515
e 76 31 178
e 76 33 856
e 76 34 176
e 76 35 346
e 76 36 100
e 76 37 975
e 76 45 99
e 76 46 519
e 76 47 757
e 76 48 428
e 76 49 805
e 76 50 428
e 76 53 224
e 76 57 388
e 76 58 239
e 76 59 550
e 76 60 737
e 76 61 576
e 76 62 597
e 76 65 643
e 76 66 278
e 76 67 628
e 76 71 81
e 76 72 257
e 76 77 750
e 76 759 475
e 76 761 733
e 76 763 154
e 763 754 525
e 763 757 918
e 763 760 935
e 763 765 680
e 763 766 632
e 766 754 964
e 766 755 841
e 766 756 849
e 766 757 194
e 766 764 826
e 766 945 653
e 766 947 893
e 766 951 710
e 951 943 131
e 951 950 506
e 951 1024 272
e 951 1026 784
e 951 1027 940
e 1027 1024 913
e 1027 1026 786
e 1027 1029 864
e 1027 1052 336
e 1027 1056 681
e 1027 1057 494
e 1027 1059 183
e 1027 1061 68
e 1027 1062 598
e 1062 1054 269
e 1062 1055 865
e 1062 1056 614
e 1056 1061 405
e 1061 1053 12
e 1061 1054 559
e 1061 1057 605
e 1061 1060 349
e 1060 1052 137
e 1060 1054 384
e 1060 1055 984
e 1060 1058 968
e 1060 1063 805
e 1060 1064 308
e 1060 1065 936
e 1060 1069 217
e 1069 1066 495
e 1069 1068 163
e 1068 1064 793
e 1068 1066 999
e 1066 1063 23
e 1066 1070 111
e 1070 1063 223
e 1070 1064 912
e 1070 1065 64
e 1065 1072 427
e 1072 1063 657
e 1072 1067 75
e 1067 1063 425
e 1063 1071 686
e 1071 1064 550
e 1058 1054 428
e 1058 1059 788
e 1059 1052 883
e 1059 1057 841
e 1059 1073 115
e 1059 1077 760
e 1059 1082 928
e 1082 1073 590
e 1082 1076 798
e 1082 1084 774
e 1084 1074 761
e 1084 1077 646
e 1084 1080 833
e 1084 1081 570
e 1081 1073 804
e 1081 1077 194
e 1081 1079 514
e 1081 1083 319
e 1083 1074 333
e 1083 1077 169
e 1083 1078 561
e 1083 1079 967
e 1079 1074 205
e 1079 1076 696
e 1079 1080 403
e 1080 1073 877
e 1080 1074 740
e 1080 1075 560
e 1080 1078 290
e 1078 1074 872
e 1078 1075 395
e 1078 1077 22
e 1077 1073 635
e 1075 1076 471
e 1057 1053 212
e 1057 1055 536
e 1055 1054 791
e 1053 1052 612
e 1029 1024 758
e 1029 1025 832
e 1025 1023 545
e 1025 1024 566
e 1025 1026 179
e 1026 1023 732
e 1023 1028 35
e 1023 1030 551
e 1023 1033 979
e 1023 1034 857
e 1023 1035 727
e 1023 1036 944
e 1036 1031 648
e 1036 1032 317
e 1032 1033 886
e 1032 1034 318
e 1032 1035 398
e 1032 1045 981
e 1032 1047 32
e 1032 1048 23
e 1032 1050 603
e 1050 1046 864
e 1050 1047 762
e 1047 1046 587
e 1047 1051 618
e 1051 1045 904
e 1051 1049 891
e 1049 1045 454
e 1049 1046 83
e 1046 1045 857
e 1046 1048 630
e 1035 1039 494
e 1035 1041 17
e 1035 1043 880
e 1035 1044 503
e 1044 1042 726
e 1042 1037 991
e 1042 1039 833
e 1042 1041 827
e 1041 1038 808
e 1038 1043 834
e 1043 1037 204
e 1037 1039 262
e 1037 1040 678
e 1040 1039 166
e 1034 1030 742
e 1034 1031 202
e 1028 1024 434
e 950 942 748
e 950 943 649
e 950 944 36
e 944 946 972
e 944 947 696
e 944 948 570
e 948 945 163
e 948 949 937
e 949 942 881
e 949 952 800
e 952 942 707
e 942 943 873
e 942 945 263
e 945 946 545
e 945 947 414
e 947 943 376
e 947 946 20
e 946 943 352
e 946 957 967
e 946 958 263
e 946 961 797
e 946 962 573
e 962 955 125
e 962 956 636
e 962 957 974
e 956 958 79
e 956 961 734
e 961 953 181
e 961 955 541
e 961 958 744
e 961 960 533
e 960 958 437
e 960 991 431
e 960 992 809
e 960 993 192
e 960 994 589
e 960 1001 338
e 1001 999 745
e 999 991 401
e 999 1000 666
e 999 1004 312
e 999 1008 634
e 1008 1004 51
e 1008 1006 600
e 1008 1010 34
e 1010 1005 787
e 1010 1006 539
e 1010 1007 533
e 1007 1003 868
e 1007 1005 775
e 1005 1009 42
e 1009 1003 532
e 1003 1004 569
e 1004 1006 211
e 1000 995 202
e 1000 996 387
e 1000 997 46
e 1000 998 473
e 998 993 355
e 998 994 542
e 994 995 963
e 995 993 223
e 993 991 134
e 993 1016 704
e 993 1017 749
e 993 1018 914
e 993 1021 897
e 993 1022 470
e 1022 1014 86
e 1022 1019 252
e 1019 1012 266
e 1019 1014 992
e 1019 1015 70
e 1019 1016 192
e 1019 1017 515
e 1019 1018 930
e 1019 1020 504
e 1020 1011 991
e 1020 1013 953
e 1020 1014 525
e 1020 1017 340
e 1020 1021 699
e 1021 1018 851
e 1018 1013 124
e 1018 1017 104
e 1017 1013 36
e 1017 1014 237
e 1017 1015 118
e 1017 1016 542
e 1016 1011 737
e 1016 1012 857
e 1012 1011 665
e 991 1002 584
e 1002 996 322
e 996 992 180
e 992 997 238
e 958 954 177
e 958 959 970
e 958 964 450
e 958 968 182
e 958 970 921
e 958 972 204
e 972 964 376
e 972 965 880
e 972 969 718
e 972 970 717
e 972 971 587
e 972 973 986
e 973 963 271
e 973 966 732
e 966 963 890
e 966 964 488
e 966 968 845
e 966 971 66
e 971 964 777
e 971 965 784
e 971 967 445
e 971 970 26
e 970 963 413
e 970 964 628
e 964 963 20
e 964 965 62
e 964 975 158
e 964 976 663
e 964 977 682
e 964 978 233
e 964 980 220
e 964 981 518
e 981 975 745
e 981 977 164
e 981 978 589
e 981 980 224
e 980 974 181
e 980 978 502
e 980 983 267
e 983 974 568
e 983 977 582
e 983 979 827
e 979 975 537
e 979 976 442
e 979 978 523
e 978 974 754
e 978 975 354
e 975 977 306
e 977 974 304
e 977 982 608
e 982 974 542
e 965 969 479
e 967 968 135
e 968 984 910
e 968 985 223
e 968 986 385
e 968 987 581
e 968 989 620
e 968 990 238
e 990 984 439
e 990 989 478
e 989 984 747
e 989 986 150
e 989 987 636
e 989 988 605
e 988 987 621
e 986 984 46
e 986 985 116
e 959 954 756
e 959 955 338
e 954 953 328
e 764 757 750
e 764 758 958
e 758 754 360
e 758 756 909
e 756 759 712
e 756 761 607
e 756 767 472
e 756 771 123
e 756 772 268
e 756 775 733
e 756 777 324
e 756 779 580
e 756 780 283
e 780 768 187
e 780 769 209
e 780 776 368
e 780 779 983
e 779 770 267
e 779 776 367
e 776 772 135
e 776 778 971
e 776 782 589
e 776 783 889
e 776 786 884
e 776 787 917
e 776 790 884
e 776 791 619
e 776 794 147
e 794 782 285
e 794 787 595
e 794 790 447
e 790 782 148
e 790 785 401
e 790 792 139
e 790 793 86
e 793 781 877
e 793 783 905
e 793 784 617
e 793 785 317
e 793 825 48
e 793 830 38
e 793 831 939
e 793 834 676
e 834 827 371
e 834 829 439
e 834 830 525
e 834 833 665
e 834 836 591
e 834 837 638
e 837 825 821
e 837 827 312
e 837 829 437
e 837 830 384
e 837 831 557
e 837 832 167
e 837 835 454
e 837 838 366
e 838 831 270
e 838 833 126
e 838 836 713
e 836 831 67
e 836 835 673
e 835 827 212
e 835 830 518
e 835 831 481
e 835 832 595
e 832 826 186
e 832 833 981
e 833 825 65
e 833 826 489
e 833 827 516
e 833 828 486
e 828 825 877
e 828 826 77
e 828 829 967
e 828 831 46
e 828 842 837
e 828 844 577
e 828 847 565
e 828 848 43
e 828 851 179
e 828 852 455
e 852 839 340
e 852 841 544
e 852 843 211
e 852 844 259
e 852 847 928
e 847 846 180
e 847 850 909
e 850 839 190
e 850 842 890
e 842 846 207
e 846 839 129
e 846 849 701
e 849 839 266
e 849 848 119
e 848 840 916
e 840 839 355
e 840 845 875
e 845 843 134
e 839 841 456
e 839 851 149
e 851 841 71
e 831 829 836
e 831 830 636
e 830 825 585
e 830 854 25
e 830 855 940
e 830 856 921
e 830 864 634
e 830 865 308
e 865 854 198
e 865 857 654
e 865 863 126
e 865 864 230
e 865 866 144
e 866 854 906
e 866 856 16
e 866 858 87
e 866 859 902
e 859 856 19
e 859 857 547
e 859 860 47
e 859 862 566
e 862 854 586
e 862 857 360
e 862 864 825
e 864 855 521
e 864 856 299
e 864 857 130
e 864 861 702
e 861 854 128
e 861 858 738
e 861 860 821
e 860 854 284
e 860 855 200
e 860 863 231
e 863 858 129
e 858 856 183
e 856 853 728
e 856 855 68
e 855 853 766
e 855 854 915
e 825 827 305
e 827 829 230
e 785 783 442
e 785 784 563
e 785 789 18
e 789 782 737
e 789 783 831
e 789 786 507
e 789 787 213
e 789 792 361
e 792 781 131
e 792 784 892
e 784 782 132
e 784 783 831
e 783 791 965
e 791 781 623
e 781 788 236
e 788 782 361
e 782 786 808
e 782 787 103
e 787 786 678
e 786 795 565
e 786 796 28
e 786 800 800
e 786 802 426
e 786 803 824
e 803 797 114
e 797 800 200
e 797 802 304
e 802 799 77
e 802 800 912
e 802 801 175
e 801 798 680
e 801 804 800
e 801 818 459
e 801 824 744
e 824 819 248
e 824 823 333
e 823 821 109
e 821 818 783
e 821 820 376
e 821 822 351
e 822 819 743
e 822 820 10
e 820 818 565
e 820 819 436
e 804 798 426
e 804 805 984
e 804 807 357
e 804 809 96
e 804 811 744
e 804 815 887
e 815 805 734
e 815 806 463
e 815 814 231
e 814 806 759
e 814 807 362
e 814 808 891
e 814 817 148
e 817 805 480
e 817 809 396
e 817 810 200
e 817 812 304
e 817 813 385
e 813 805 925
e 813 806 332
e 813 808 252
e 813 809 379
e 813 810 983
e 813 812 850
e 813 816 690
e 816 805 960
e 816 809 185
e 816 811 751
e 816 812 980
e 812 806 482
e 812 808 264
e 812 811 618
e 811 806 500
e 811 809 24
e 811 810 398
e 808 807 770
e 798 795 656
e 798 799 237
e 798 800 102
e 799 795 736
e 799 796 673
e 778 767 157
e 778 773 455
e 778 774 528
e 774 769 552
e 774 771 956
e 771 770 984
e 771 775 759
e 775 769 550
e 775 777 213
e 777 769 882
e 777 770 937
e 770 767 550
e 770 768 695
e 770 772 735
e 772 768 720
e 768 773 745
e 773 767 550
e 773 868 59
e 773 873 822
e 873 867 857
e 873 872 618
e 872 871 458
e 871 867 806
e 871 869 887
e 871 875 577
e 871 879 606
e 871 880 360
e 871 881 894
e 881 875 732
e 881 876 637
e 881 879 767
e 879 877 882
e 877 876 521
e 877 878 402
e 877 895 355
e 877 902 651
e 877 906 160
e 906 896 315
e 906 899 921
e 899 901 97
e 899 904 477
e 899 905 676
e 905 896 239
e 905 897 382
e 905 898 785
e 898 900 919
e 898 901 277
e 901 895 392
e 901 902 902
e 901 903 670
e 903 896 871
e 896 900 937
e 896 902 831
e 902 897 565
e 897 904 791
e 904 895 443
e 878 874 656
e 878 875 815
e 878 880 765
e 880 874 654
e 880 876 163
e 874 883 400
e 874 886 936
e 874 894 977
e 894 882 232
e 894 886 848
e 894 892 369
e 894 893 74
e 893 882 303
e 882 883 235
e 882 887 498
e 882 889 201
e 882 890 510
e 882 891 852
e 891 883 12
e 891 887 308
e 891 890 369
e 890 885 276
e 890 889 295
e 890 892 83
e 892 884 790
e 884 883 135
e 884 886 205
e 884 887 497
e 887 886 705
e 887 889 669
e 889 883 965
e 889 888 306
e 888 883 991
e 883 885 168
e 883 886 715
e 869 868 631
e 869 870 797
e 869 913 566
e 869 916 326
e 916 913 840
e 916 914 637
e 914 915 934
e 915 910 638
e 915 918 74
e 918 907 525
e 907 917 816
e 917 908 845
e 917 909 96
e 917 912 339
e 917 934 979
e 917 935 352
e 917 938 634
e 938 940 320
e 940 932 81
e 940 934 900
e 940 937 634
e 940 939 319
e 939 931 883
e 939 934 732
e 934 932 318
e 934 936 361
e 936 933 577
e 933 935 320
e 933 937 416
e 933 941 407
e 941 930 55
e 941 931 395
e 941 932 975
e 932 935 66
e 935 930 269
e 912 913 705
e 913 908 212
e 913 911 594
e 911 909 806
e 911 910 97
e 910 908 495
e 908 919 748
e 908 921 822
e 908 926 32
e 926 922 137
e 926 923 41
e 926 927 974
e 926 928 642
e 926 929 340
e 929 925 51
e 925 919 311
e 925 920 331
e 925 921 288
e 925 923 974
e 925 927 158
e 925 928 441
e 928 921 765
e 928 924 457
e 928 927 609
e 927 922 288
e 927 923 750
e 923 921 122
e 921 924 331
e 924 920 166
e 920 922 141
e 922 919 864
e 870 868 173
e 767 769 351
e 761 755 276
e 761 757 242
e 757 760 931
e 757 765 167
e 760 755 473
e 760 762 949
e 762 755 679
e 762 759 174
e 77 4 591
e 77 7 75
e 77 9 600
e 77 11 92
e 77 15 304
e 77 16 848
e 77 23 11
e 77 27 512
e 77 28 96
e 77 29 863
e 77 30 621
e 77 32 499
e 77 33 847
e 77 35 596
e 77 38 809
e 77 39 112
e 77 40 984
e 77 41 448
e 77 43 516
e 77 44 819
e 77 48 497
e 77 52 244
e 77 53 117
e 77 55 776
e 77 56 249
e 77 58 143
e 77 59 380
e 77 61 844
e 77 62 339
e 77 63 556
e 77 65 836
e 77 66 630
e 77 69 935
e 77 70 157
e 77 72 277
e 72 5 363
e 72 6 29
e 72 7 503
e 72 9 581
e 72 10 310
e 72 13 474
e 72 14 843
e 72 16 921
e 72 17 409
e 72 19 23
e 72 20 726
e 72 21 109
e 72 23 384
e 72 24 109
e 72 28 736
e 72 30 730
e 72 31 604
e 72 34 351
e 72 35 549
e 72 36 495
e 72 37 88
e 72 38 683
e 72 41 314
e 72 42 441
e 72 45 289
e 72 46 937
e 72 53 887
e 72 57 112
e 72 61 786
e 72 63 360
e 72 66 344
e 72 67 403
e 72 69 21
e 72 71 287
e 71 3 868
e 71 5 170
e 71 9 498
e 71 10 46
e 71 15 570
e 71 18 648
e 71 19 760
e 71 20 394
e 71 23 24
e 71 25 815
e 71 27 699
e 71 29 27
e 71 30 506
e 71 33 791
e 71 34 517
e 71 35 491
e 71 36 553
e 71 38 936
e 71 41 424
e 71 45 556
e 71 46 392
e 71 47 556
e 71 48 554
e 71 50 579
e 71 51 400
e 71 52 270
e 71 53 508
e 71 54 698
e 71 55 306
e 71 58 471
e 71 61 131
e 71 62 712
e 71 65 438
e 71 67 403
e 71 68 279
e 71 69 842
e 71 73 33
e 73 2 646
e 73 3 504
e 73 4 870
e 73 5 941
e 73 6 894
e 73 7 208
e 73 8 245
e 73 13 771
e 73 17 574
e 73 18 790
e 73 20 595
e 73 22 566
e 73 23 568
e 73 24 521
e 73 25 145
e 73 26 912
e 73 28 64
e 73 29 62
e 73 30 522
e 73 38 546
e 73 42 560
e 73 43 463
e 73 45 899
e 73 46 319
e 73 48 529
e 73 50 238
e 73 52 267
e 73 53 134
e 73 55 57
e 73 56 344
e 73 59 307
e 73 60 797
e 73 63 263
e 73 64 214
e 73 65 279
e 73 66 945
e 66 2 418
e 66 4 490
e 66 7 778
e 66 8 673
e 66 10 756
e 66 12 810
e 66 13 274
e 66 15 191
e 66 16 867
e 66 17 628
e 66 20 613
e 66 22 473
e 66 24 950
e 66 27 349
e 66 28 197
e 66 30 973
e 66 32 656
e 66 34 570
e 66 37 389
e 66 38 680
e 66 40 992
e 66 44 651
e 66 45 15
e 66 47 290
e 66 51 485
e 66 54 648
e 66 56 153
e 66 59 91
e 66 62 410
e 66 64 633
e 66 68 703
e 68 4 498
e 68 8 504
e 68 9 523
e 68 11 460
e 68 12 638
e 68 13 670
e 68 15 226
e 68 17 340
e 68 18 602
e 68 21 740
e 68 22 70
e 68 27 328
e 68 28 169
e 68 29 928
e 68 30 467
e 68 32 146
e 68 33 780
e 68 34 698
e 68 35 475
e 68 38 534
e 68 39 295
e 68 40 723
e 68 41 618
e 68 44 146
e 68 46 366
e 68 47 715
e 68 49 229
e 68 51 13
e 68 52 250
e 68 53 757
e 68 54 630
e 68 56 662
e 68 60 899
e 68 61 865
e 68 62 266
e 68 64 945
e 68 65 751
e 68 70 620
e 70 6 647
e 70 10 92
e 70 11 136
e 70 14 347
e 70 16 661
e 70 17 471
e 70 18 25
e 70 22 396
e 70 26 865
e 70 29 371
e 70 31 340
e 70 34 892
e 70 37 234
e 70 38 417
e 70 39 24
e 70 40 788
e 70 44 278
e 70 45 761
e 70 48 253
e 70 49 280
e 70 50 854
e 70 53 77
e 70 58 38
e 70 60 976
e 70 69 657
e 69 3 941
e 69 4 321
e 69 6 464
e 69 7 953
e 69 9 806
e 69 10 277
e 69 11 309
e 69 14 478
e 69 15 553
e 69 17 922
e 69 18 659
e 69 19 830
e 69 21 682
e 69 28 124
e 69 32 348
e 69 33 139
e 69 35 459
e 69 37 203
e 69 38 963
e 69 47 693
e 69 48 692
e 69 49 33
e 69 50 712
e 69 51 281
e 69 52 874
e 69 53 594
e 69 54 339
e 69 55 494
e 69 58 12
e 69 60 458
e 69 61 365
e 69 62 528
e 69 63 309
e 69 64 372
e 64 4 257
e 64 5 484
e 64 7 628
e 64 9 553
e 64 11 90
e 64 15 45
e 64 23 491
e 64 25 128
e 64 30 453
e 64 32 558
e 64 33 347
e 64 35 146
e 64 36 719
e 64 39 80
e 64 42 268
e 64 43 205
e 64 45 277
e 64 46 938
e 64 48 137
e 64 49 578
e 64 50 464
e 64 51 764
e 64 52 480
e 64 58 56
e 64 60 734
e 64 61 845
e 64 63 135
e 64 65 938
e 64 67 226
e 67 2 130
e 67 4 811
e 67 5 951
e 67 7 986
e 67 9 200
e 67 10 590
e 67 14 408
e 67 15 590
e 67 17 373
e 67 18 169
e 67 21 149
e 67 24 790
e 67 26 312
e 67 28 297
e 67 30 525
e 67 32 552
e 67 34 148
e 67 37 792
e 67 41 573
e 67 42 260
e 67 44 884
e 67 46 770
e 67 50 243
e 67 52 502
e 67 54 875
e 67 55 386
e 67 57 503
e 67 58 72
e 67 59 761
e 67 60 136
e 67 61 867
e 67 63 688
e 67 444 795
e 67 445 335
e 67 446 737
e 67 448 470
e 67 449 239
e 67 454 72
e 454 444 644
e 454 445 736
e 454 446 115
e 454 449 651
e 454 453 204
e 454 455 810
e 455 445 963
e 455 446 502
e 455 447 787
e 455 448 958
e 455 450 841
e 455 451 973
e 451 445 313
e 451 448 720
e 448 447 930
e 448 450 120
e 448 452 166
e 448 453 990
e 453 446 845
e 453 456 121
e 453 462 478
e 453 463 552
e 453 464 296
e 464 456 327
e 464 457 963
e 464 462 287
e 462 458 475
e 462 460 983
e 462 461 542
e 462 465 63
e 462 533 721
e 462 538 852
e 462 540 884
e 540 534 863
e 540 535 672
e 540 537 838
e 540 538 111
e 538 535 789
e 538 536 427
e 536 535 490
e 536 539 993
e 539 534 552
e 534 541 815
e 534 542 63
e 534 544 804
e 534 546 958
e 534 547 506
e 547 546 225
e 546 542 641
e 546 543 17
e 543 541 151
e 543 544 542
e 543 563 540
e 543 564 739
e 564 562 920
e 564 563 752
e 563 559 595
e 559 560 332
e 559 562 560
e 559 565 298
e 565 561 435
e 561 560 799
e 561 562 145
e 544 545 244
e 544 551 773
e 544 555 788
e 544 558 296
e 558 551 59
e 551 552 437
e 551 554 328
e 551 556 223
e 556 553 275
e 553 550 828
e 553 557 524
e 557 549 811
e 557 552 876
e 552 554 631
e 552 555 651
e 549 550 712
e 545 548 728
e 548 541 995
e 541 542 243
e 537 533 989
e 537 567 589
e 537 569 749
e 537 576 844
e 537 577 131
e 537 578 289
e 578 572 881
e 572 566 168
e 566 570 959
e 566 573 166
e 566 576 732
e 576 567 799
e 576 568 929
e 576 571 15
e 571 567 520
e 571 573 762
e 571 575 248
e 571 577 762
e 577 570 293
e 577 574 654
e 577 575 706
e 577 590 617
e 577 594 818
e 577 595 310
e 577 596 184
e 577 599 154
e 599 588 116
e 599 589 30
e 599 591 239
e 599 594 315
e 599 598 430
e 599 601 798
e 601 592 648
e 601 596 805
e 596 590 71
e 590 592 349
e 590 600 347
e 600 591 733
e 600 592 77
e 592 588 283
e 592 591 503
e 592 593 762
e 592 595 126
e 592 597 702
e 597 588 475
e 597 589 73
e 597 595 656
e 595 589 784
e 589 593 804
e 593 588 788
e 593 594 756
e 594 588 726
e 594 598 893
e 575 567 786
e 575 569 33
e 569 568 185
e 569 570 79
e 569 579 135
e 569 584 326
e 569 585 815
e 569 587 225
e 587 581 911
e 587 583 816
e 587 585 975
e 585 583 896
e 583 581 598
e 583 582 289
e 582 586 883
e 586 581 942
e 581 579 894
e 581 584 246
e 584 580 63
e 580 579 727
e 570 567 984
e 570 568 498
e 570 573 191
e 573 567 992
e 573 568 704
e 573 574 833
e 465 458 687
e 465 459 625
e 459 458 392
e 459 461 910
e 459 468 672
e 459 469 629
e 459 470 370
e 459 474 935
e 474 466 282
e 474 472 290
e 472 467 646
e 472 469 850
e 472 473 378
e 473 468 373
e 473 469 832
e 473 470 265
e 473 471 40
e 471 470 624
e 470 466 587
e 470 467 629
e 470 468 298
e 468 469 395
e 469 513 177
e 469 515 12
e 469 517 205
e 517 509 812
e 517 510 256
e 517 512 897
e 517 516 21
e 516 510 239
e 516 514 292
e 514 510 511
e 514 512 971
e 514 513 366
e 514 515 783
e 515 508 399
e 515 509 719
e 509 513 730
e 513 511 454
e 513 518 287
e 513 519 630
e 513 520 532
e 513 523 102
e 523 518 102
e 523 520 742
e 523 525 80
e 525 518 747
e 525 519 898
e 525 521 581
e 525 524 424
e 524 520 968
e 524 521 452
e 521 522 370
e 522 518 469
e 522 520 822
e 520 518 256
e 520 519 318
e 511 510 319
e 510 508 429
e 510 526 246
e 510 527 279
e 510 528 845
e 510 530 167
e 530 529 971
e 530 532 451
e 532 527 496
e 527 526 650
e 527 528 983
e 527 531 882
e 531 528 792
e 528 526 27
e 526 529 276
e 467 478 504
e 467 481 824
e 467 483 79
e 483 475 501
e 483 478 496
e 483 480 352
e 483 481 337
e 481 475 946
e 481 478 293
e 481 484 722
e 481 485 452
e 481 490 404
e 481 491 842
e 481 494 602
e 481 495 864
e 481 496 965
e 496 492 88
e 496 495 632
e 496 498 833
e 498 490 716
e 490 489 268
e 490 497 215
e 490 499 816
e 499 489 419
e 499 494 375
e 494 489 300
e 494 492 195
e 494 497 624
e 494 500 768
e 500 489 112
e 500 491 667
e 491 492 820
e 491 497 913
e 497 489 180
e 497 493 774
e 497 495 461
e 495 488 215
e 495 489 561
e 495 492 784
e 492 488 934
e 488 493 734
e 485 475 747
e 485 476 863
e 485 477 320
e 485 484 26
e 485 487 234
e 485 505 620
e 485 506 593
e 506 501 377
e 506 503 203
e 506 504 894
e 504 502 682
e 502 501 678
e 502 505 76
e 502 507 14
e 507 501 453
e 501 503 342
e 487 475 952
e 487 480 187
e 487 482 512
e 487 484 842
e 484 475 222
e 475 477 285
e 475 478 733
e 475 480 923
e 480 476 710
e 480 477 993
e 480 478 636
e 480 486 544
e 486 476 316
e 486 478 615
e 486 479 669
e 486 482 975
e 482 477 683
e 477 476 97
e 477 478 312
e 477 479 514
e 461 460 236
e 458 456 10
e 458 457 922
e 458 463 418
e 463 457 450
e 446 452 254
e 452 445 296
e 445 444 761
e 444 602 76
e 444 604 159
e 444 607 386
e 607 608 474
e 607 609 376
e 607 610 224
e 607 613 172
e 607 619 976
e 607 624 122
e 624 616 634
e 624 618 238
e 624 621 590
e 624 625 979
e 625 612 731
e 625 613 849
e 625 616 924
e 625 619 890
e 625 620 456
e 625 626 458
e 625 630 804
e 625 633 219
e 633 631 581
e 631 626 874
e 631 628 100
e 631 630 340
e 630 626 221
e 630 628 290
e 628 627 440
e 628 632 84
e 632 626 573
e 632 629 341
e 632 643 101
e 632 644 171
e 632 645 666
e 632 650 519
e 632 651 900
e 632 653 664
e 632 655 118
e 655 645 73
e 655 651 644
e 655 652 77
e 655 653 690
e 655 654 870
e 655 656 758
e 656 645 472
e 656 646 702
e 656 649 146
e 656 652 437
e 652 643 417
e 652 644 118
e 652 647 886
e 652 648 450
e 652 650 262
e 650 644 384
e 650 649 43
e 650 654 370
e 654 643 544
e 654 644 59
e 654 645 214
e 654 647 672
e 654 653 27
e 653 645 968
e 645 647 33
e 645 649 980
e 649 648 993
e 647 644 637
e 644 646 642
e 643 651 117
e 629 626 952
e 626 627 423
e 627 637 911
e 627 639 571
e 639 635 707
e 639 642 681
e 642 634 126
e 642 637 996
e 637 634 139
e 637 638 502
e 637 641 61
e 641 634 189
e 641 636 640
e 636 635 702
e 636 638 748
e 636 640 289
e 640 634 961
e 634 635 671
e 634 638 481
e 620 612 688
e 620 613 450
e 620 614 464
e 620 618 680
e 620 621 826
e 620 622 358
e 620 658 516
e 620 667 415
e 620 668 446
e 620 670 993
e 670 657 84
e 670 663 893
e 670 664 741
e 670 666 711
e 670 667 827
e 670 668 123
e 668 659 121
e 668 661 674
e 668 662 943
e 668 664 519
e 668 685 124
e 668 690 651
e 690 683 593
e 690 691 773
e 691 686 893
e 691 688 253
e 688 680 295
e 688 682 315
e 688 683 837
e 683 684 577
e 683 689 70
e 683 692 76
e 692 682 596
e 692 685 889
e 692 689 670
e 689 685 684
e 685 679 554
e 685 687 715
e 687 680 308
e 687 682 67
e 682 686 30
e 686 681 766
e 686 684 327
e 684 679 957
e 684 680 646
e 684 681 800
e 664 658 171
e 664 665 885
e 664 667 12
e 667 659 275
e 667 660 743
e 667 666 201
e 666 665 751
e 666 669 733
e 669 657 797
e 669 659 244
e 669 661 632
e 661 659 496
e 661 660 784
e 661 665 409
e 665 657 391
e 665 658 357
e 658 660 112
e 660 657 696
e 657 659 910
e 657 662 267
e 657 663 790
e 657 671 876
e 657 675 726
e 657 676 82
e 676 671 395
e 676 672 889
e 676 673 237
e 676 674 12
e 676 678 645
e 678 671 435
e 678 674 19
e 674 672 18
e 674 675 522
e 675 677 282
e 677 673 970
e 663 659 461
e 622 615 688
e 622 616 914
e 622 621 318
e 621 618 666
e 618 612 447
e 618 616 347
e 618 619 504
e 618 623 237
e 623 613 415
e 623 615 213
e 623 616 911
e 623 617 350
e 617 613 614
e 617 616 986
e 617 619 369
e 619 613 430
e 619 616 324
e 616 614 812
e 614 613 622
e 613 612 366
e 613 615 813
e 610 603 589
e 610 604 485
e 610 605 11
e 610 606 715
e 610 608 734
e 610 611 604
e 611 603 247
e 611 605 458
e 611 606 825
e 606 602 780
e 606 603 98
e 602 604 443
e 602 609 259
e 609 604 60
e 609 608 186
e 608 604 654
e 608 696 712
e 608 701 350
e 701 699 774
e 701 700 466
e 700 694 770
e 700 698 524
e 698 693 421
e 698 702 459
e 702 695 99
e 702 696 564
e 696 697 87
e 697 693 517
e 697 694 493
e 694 693 706
e 694 695 467
e 694 728 328
e 694 730 112
e 694 733 260
e 733 728 550
e 733 731 639
e 733 734 592
e 734 729 950
e 734 730 961
e 734 731 511
e 731 732 901
e 731 735 221
e 735 728 451
e 735 729 496
e 729 732 320
e 729 748 565
e 729 750 733
e 750 746 709
e 750 747 853
e 750 752 977
e 750 753 299
e 753 746 305
e 753 747 307
e 753 748 104
e 753 752 144
e 752 749 112
e 749 748 260
e 749 751 508
e 751 747 367
e 751 748 629
e 748 746 214
e 748 747 892
e 732 728 981
e 732 736 107
e 732 737 400
e 732 743 247
e 732 744 247
e 732 745 743
e 745 736 813
e 745 741 12
e 741 737 944
e 741 742 583
e 741 743 737
e 741 744 44
e 744 739 815
e 744 742 140
e 742 739 819
e 739 738 344
e 739 740 174
e 740 737 211
e 740 738 656
e 740 743 33
e 743 737 773
e 743 738 929
e 738 736 199
e 738 737 777
e 728 730 719
e 695 693 823
e 693 699 339
e 693 704 961
e 693 706 988
e 693 707 186
e 693 708 358
e 708 703 599
e 708 704 40
e 708 705 600
e 708 707 880
e 707 706 265
e 706 704 157
e 706 705 210
e 706 712 687
e 706 714 661
e 714 710 498
e 714 711 809
e 711 710 383
e 711 713 464
e 711 716 101
e 716 713 441
e 713 710 15
e 713 712 934
e 713 715 763
e 715 712 510
e 705 703 814
e 705 709 281
e 705 717 259
e 705 719 105
e 705 724 437
e 724 717 281
e 724 725 584
e 724 727 130
e 727 717 789
e 727 718 552
e 727 719 736
e 727 720 456
e 720 721 822
e 720 722 182
e 722 718 736
e 722 723 363
e 723 717 328
e 723 719 956
e 719 725 852
e 719 726 406
e 726 717 230
e 717 718 385
e 725 721 242
e 709 703 928
e 63 3 659
e 63 6 467
e 63 7 755
e 63 9 22
e 63 11 350
e 63 13 198
e 63 14 66
e 63 20 718
e 63 23 141
e 63 25 956
e 63 26 157
e 63 28 42
e 63 29 328
e 63 30 327
e 63 31 39
e 63 35 905
e 63 36 205
e 63 38 516
e 63 39 704
e 63 40 131
e 63 41 685
e 63 42 710
e 63 48 573
e 63 54 322
e 63 55 934
e 63 56 929
e 63 57 494
e 57 2 929
e 57 8 206
e 57 10 282
e 57 14 874
e 57 16 874
e 57 17 605
e 57 19 996
e 57 20 567
e 57 21 462
e 57 22 950
e 57 24 692
e 57 28 713
e 57 32 413
e 57 37 557
e 57 38 265
e 57 39 930
e 57 40 21
e 57 43 403
e 57 44 143
e 57 45 878
e 57 51 377
e 57 53 161
e 57 54 444
e 57 58 826
e 57 59 210
e 57 61 157
e 57 62 174
e 57 65 718
e 65 3 334
e 65 5 670
e 65 10 838
e 65 12 782
e 65 14 550
e 65 15 547
e 65 16 478
e 65 18 161
e 65 19 801
e 65 20 742
e 65 21 588
e 65 22 725
e 65 23 673
e 65 24 284
e 65 26 973
e 65 30 556
e 65 31 29
e 65 32 585
e 65 33 458
e 65 34 625
e 65 36 657
e 65 37 728
e 65 38 562
e 65 39 496
e 65 40 897
e 65 41 820
e 65 44 58
e 65 45 407
e 65 46 526
e 65 47 219
e 65 49 805
e 65 53 593
e 65 54 411
e 65 58 703
e 65 60 863
e 60 6 673
e 60 7 384
e 60 8 52
e 60 13 961
e 60 14 316
e 60 17 976
e 60 22 853
e 60 27 539
e 60 30 84
e 60 32 904
e 60 33 832
e 60 34 83
e 60 36 227
e 60 41 294
e 60 44 699
e 60 45 562
e 60 50 601
e 60 55 317
e 60 58 215
e 60 61 308
e 61 2 653
e 61 3 782
e 61 5 332
e 61 6 903
e 61 7 781
e 61 8 72
e 61 13 270
e 61 15 113
e 61 17 366
e 61 19 895
e 61 20 280
e 61 21 780
e 61 22 333
e 61 25 558
e 61 26 48
e 61 27 402
e 61 28 143
e 61 30 304
e 61 31 178
e 61 32 112
e 61 33 655
e 61 34 90
e 61 42 810
e 61 43 986
e 61 44 591
e 61 47 216
e 61 52 299
e 61 53 217
e 61 54 780
e 61 55 954
e 61 56 163
e 61 59 327
e 61 62 83
e 62 2 451
e 62 3 483
e 62 4 44
e 62 8 50
e 62 10 264
e 62 11 642
e 62 14 569
e 62 17 395
e 62 18 761
e 62 20 329
e 62 21 543
e 62 22 853
e 62 23 842
e 62 25 133
e 62 26 689
e 62 27 225
e 62 28 375
e 62 30 324
e 62 32 608
e 62 33 496
e 62 34 283
e 62 36 558
e 62 37 559
e 62 41 984
e 62 44 744
e 62 47 721
e 62 48 197
e 62 49 577
e 62 50 424
e 62 55 563
e 55 4 400
e 55 5 69
e 55 10 266
e 55 11 132
e 55 12 742
e 55 15 49
e 55 16 335
e 55 18 167
e 55 28 613
e 55 38 448
e 55 39 731
e 55 40 614
e 55 41 448
e 55 42 100
e 55 43 905
e 55 45 443
e 55 46 508
e 55 50 194
e 55 51 252
e 55 53 742
e 55 54 424
e 55 58 457
e 55 59 602
e 59 6 609
e 59 7 160
e 59 8 481
e 59 9 566
e 59 10 367
e 59 12 797
e 59 13 863
e 59 15 644
e 59 16 717
e 59 17 909
e 59 18 443
e 59 19 350
e 59 21 537
e 59 22 75
e 59 24 184
e 59 27 826
e 59 28 913
e 59 30 499
e 59 32 473
e 59 34 340
e 59 35 884
e 59 41 193
e 59 43 508
e 59 45 748
e 59 46 814
e 59 53 783
e 53 2 878
e 53 3 408
e 53 7 599
e 53 8 877
e 53 9 86
e 53 11 767
e 53 14 613
e 53 17 348
e 53 18 537
e 53 19 953
e 53 21 612
e 53 23 913
e 53 24 757
e 53 26 629
e 53 27 625
e 53 28 70
e 53 29 637
e 53 34 829
e 53 35 24
e 53 36 97
e 53 37 85
e 53 38 709
e 53 39 732
e 53 40 506
e 53 41 558
e 53 44 180
e 53 47 858
e 53 48 307
e 53 49 630
e 53 58 85
e 58 2 764
e 58 3 18
e 58 6 469
e 58 7 807
e 58 8 588
e 58 11 947
e 58 14 243
e 58 17 988
e 58 18 244
e 58 19 787
e 58 20 202
e 58 21 369
e 58 23 93
e 58 24 372
e 58 25 473
e 58 26 70
e 58 27 113
e 58 29 446
e 58 31 819
e 58 32 268
e 58 36 722
e 58 37 455
e 58 38 489
e 58 39 476
e 58 40 802
e 58 44 316
e 58 46 623
e 58 50 447
e 58 54 953
e 54 4 668
e 54 6 894
e 54 7 906
e 54 9 597
e 54 10 628
e 54 11 598
e 54 12 819
e 54 14 295
e 54 16 657
e 54 17 895
e 54 18 859
e 54 19 943
e 54 20 489
e 54 21 18
e 54 23 838
e 54 24 538
e 54 26 136
e 54 28 961
e 54 30 289
e 54 32 744
e 54 34 975
e 54 38 656
e 54 40 798
e 54 43 988
e 54 44 126
e 54 46 577
e 54 47 572
e 54 49 137
e 54 51 669
e 54 52 194
e 54 56 465
e 56 4 850
e 56 6 408
e 56 8 807
e 56 9 534
e 56 13 49
e 56 14 559
e 56 19 356
e 56 20 281
e 56 26 609
e 56 28 506
e 56 30 450
e 56 33 132
e 56 34 954
e 56 35 520
e 56 36 830
e 56 38 121
e 56 40 638
e 56 43 994
e 56 44 988
e 56 46 445
e 56 48 764
e 48 2 764
e 48 4 723
e 48 5 556
e 48 6 247
e 48 7 949
e 48 8 342
e 48 14 884
e 48 15 856
e 48 19 885
e 48 20 42
e 48 21 728
e 48 23 66
e 48 26 503
e 48 27 541
e 48 29 559
e 48 33 916
e 48 34 339
e 48 36 957
e 48 38 124
e 48 39 541
e 48 43 984
e 48 44 606
e 48 46 603
e 48 47 275
e 48 49 953
e 48 50 225
e 50 2 649
e 50 6 596
e 50 7 320
e 50 9 374
e 50 11 211
e 50 12 254
e 50 14 65
e 50 15 869
e 50 16 96
e 50 17 593
e 50 18 878
e 50 19 658
e 50 20 66
e 50 21 456
e 50 24 991
e 50 26 173
e 50 29 353
e 50 30 87
e 50 31 991
e 50 32 886
e 50 34 312
e 50 38 491
e 50 39 957
e 50 44 471
e 50 45 813
e 50 47 200
e 50 49 916
e 50 51 194
e 50 52 435
e 52 2 763
e 52 6 878
e 52 7 34
e 52 13 47
e 52 14 837
e 52 16 975
e 52 20 225
e 52 22 333
e 52 23 91
e 52 24 976
e 52 26 885
e 52 27 626
e 52 28 195
e 52 32 402
e 52 37 257
e 52 44 614
e 52 45 301
e 45 6 916
e 45 8 789
e 45 11 845
e 45 13 705
e 45 21 992
e 45 22 645
e 45 23 949
e 45 24 676
e 45 26 631
e 45 27 393
e 45 34 365
e 45 38 387
e 45 40 963
e 45 41 260
e 45 43 984
e 45 44 547
e 45 49 191
e 45 51 183
e 51 3 262
e 51 4 264
e 51 9 330
e 51 10 78
e 51 14 624
e 51 15 217
e 51 16 51
e 51 17 891
e 51 18 870
e 51 19 438
e 51 22 976
e 51 23 218
e 51 25 148
e 51 26 777
e 51 33 821
e 51 35 549
e 51 37 364
e 51 38 218
e 51 40 424
e 51 41 903
e 51 44 936
e 51 46 850
e 46 2 76
e 46 4 546
e 46 6 554
e 46 9 810
e 46 10 675
e 46 11 385
e 46 12 919
e 46 14 970
e 46 15 391
e 46 18 408
e 46 19 82
e 46 22 656
e 46 26 727
e 46 27 218
e 46 28 407
e 46 31 58
e 46 33 484
e 46 35 593
e 46 37 975
e 46 38 519
e 46 40 971
e 46 44 952
e 46 47 935
e 46 49 39
e 49 2 66
e 49 5 714
e 49 7 496
e 49 9 902
e 49 13 108
e 49 15 718
e 49 18 822
e 49 19 360
e 49 21 775
e 49 27 518
e 49 32 303
e 49 36 206
e 49 37 202
e 49 38 880
e 49 39 667
e 49 40 428
e 49 42 305
e 49 47 251
e 47 3 673
e 47 5 112
e 47 6 956
e 47 8 549
e 47 12 252
e 47 13 519
e 47 14 698
e 47 16 399
e 47 19 627
e 47 24 599
e 47 27 874
e 47 28 700
e 47 29 21
e 47 33 821
e 47 35 208
e 47 36 482
e 47 41 93
e 47 43 195
e 43 2 620
e 43 4 457
e 43 5 532
e 43 6 263
e 43 10 640
e 43 11 981
e 43 12 586
e 43 13 52
e 43 15 929
e 43 16 266
e 43 17 984
e 43 18 543
e 43 19 948
e 43 21 723
e 43 23 936
e 43 25 181
e 43 26 520
e 43 27 942
e 43 28 379
e 43 29 320
e 43 31 855
e 43 32 904
e 43 33 509
e 43 34 770
e 43 35 273
e 43 36 719
e 36 2 270
e 36 3 865
e 36 4 737
e 36 6 644
e 36 7 603
e 36 8 391
e 36 11 997
e 36 12 671
e 36 13 525
e 36 14 976
e 36 16 782
e 36 19 350
e 36 20 14
e 36 22 394
e 36 26 870
e 36 27 830
e 36 28 778
e 36 30 686
e 36 31 517
e 36 35 846
e 36 37 594
e 36 40 763
e 36 41 994
e 41 2 823
e 41 4 918
e 41 5 685
e 41 9 944
e 41 11 161
e 41 20 512
e 41 21 783
e 41 23 454
e 41 26 301
e 41 27 200
e 41 29 100
e 41 30 43
e 41 31 862
e 41 34 779
e 41 35 82
e 41 38 303
e 41 39 382
e 41 40 95
e 41 44 702
e 44 4 878
e 44 5 132
e 44 8 818
e 44 11 24
e 44 14 540
e 44 16 755
e 44 18 469
e 44 19 355
e 44 20 679
e 44 23 548
e 44 27 188
e 44 30 581
e 44 33 834
e 44 34 771
e 44 38 387
e 44 42 11
e 42 6 586
e 42 8 46
e 42 9 835
e 42 10 226
e 42 11 274
e 42 12 591
e 42 13 605
e 42 14 467
e 42 15 247
e 42 18 725
e 42 19 717
e 42 23 699
e 42 26 624
e 42 29 155
e 42 30 959
e 42 38 526
e 42 39 642
e 42 40 700
e 40 2 281
e 40 6 467
e 40 8 75
e 40 10 674
e 40 14 487
e 40 16 665
e 40 19 895
e 40 20 779
e 40 25 923
e 40 26 381
e 40 27 85
e 40 28 442
e 40 30 919
e 40 32 727
e 40 34 961
e 40 37 649
e 40 38 83
e 38 3 223
e 38 6 378
e 38 7 77
e 38 8 690
e 38 11 684
e 38 15 758
e 38 16 856
e 38 21 780
e 38 23 757
e 38 24 933
e 38 26 944
e 38 27 961
e 38 31 912
e 38 32 712
e 38 33 686
e 38 34 743
e 38 35 237
e 35 3 92
e 35 4 295
e 35 5 505
e 35 11 905
e 35 14 283
e 35 16 580
e 35 17 275
e 35 21 145
e 35 23 516
e 35 24 687
e 35 26 797
e 35 27 87
e 35 28 362
e 35 33 134
e 35 34 468
e 35 37 702
e 35 39 134
e 39 2 582
e 39 3 548
e 39 4 835
e 39 11 824
e 39 12 975
e 39 13 74
e 39 16 235
e 39 18 709
e 39 19 414
e 39 22 179
e 39 24 354
e 39 26 642
e 39 27 194
e 39 29 644
e 39 30 285
e 39 32 413
e 39 33 734
e 39 37 588
e 37 2 446
e 37 3 532
e 37 5 82
e 37 6 847
e 37 7 812
e 37 13 914
e 37 14 329
e 37 15 988
e 37 17 233
e 37 18 905
e 37 19 739
e 37 20 443
e 37 22 190
e 37 25 620
e 37 26 266
e 37 27 943
e 37 28 909
e 37 29 239
e 37 30 326
e 30 2 367
e 30 5 809
e 30 6 446
e 30 7 505
e 30 8 747
e 30 10 912
e 30 11 781
e 30 12 817
e 30 13 733
e 30 14 731
e 30 15 925
e 30 16 24
e 30 18 973
e 30 19 64
e 30 20 392
e 30 21 447
e 30 23 43
e 30 24 291
e 30 28 285
e 30 29 664
e 30 32 197
e 30 33 921
e 33 3 301
e 33 5 989
e 33 7 142
e 33 8 268
e 33 9 798
e 33 10 659
e 33 11 670
e 33 12 563
e 33 16 893
e 33 18 644
e 33 19 70
e 33 22 538
e 33 23 775
e 33 24 813
e 33 25 655
e 33 27 490
e 33 32 632
e 33 34 37
e 34 2 556
e 34 3 249
e 34 4 107
e 34 5 331
e 34 7 138
e 34 9 354
e 34 10 483
e 34 11 380
e 34 12 252
e 34 13 728
e 34 16 904
e 34 17 436
e 34 19 314
e 34 20 637
e 34 21 171
e 34 22 621
e 34 23 934
e 34 24 994
e 34 25 68
e 34 28 322
e 34 29 259
e 34 31 639
e 31 3 905
e 31 6 222
e 31 8 584
e 31 9 22
e 31 13 403
e 31 14 962
e 31 19 566
e 31 21 975
e 31 22 525
e 31 23 506
e 31 28 708
e 31 29 13
e 29 3 366
e 29 5 623
e 29 7 484
e 29 8 119
e 29 10 977
e 29 17 875
e 29 18 302
e 29 19 670
e 29 20 273
e 29 21 566
e 29 24 243
e 29 25 131
e 29 26 20
e 29 32 676
e 32 3 939
e 32 5 887
e 32 6 674
e 32 7 402
e 32 15 73
e 32 16 151
e 32 20 611
e 32 21 244
e 32 23 284
e 32 24 406
e 32 25 33
e 32 26 99
e 32 27 964
e 27 2 367
e 27 7 107
e 27 8 679
e 27 10 28
e 27 11 395
e 27 12 111
e 27 14 762
e 27 17 612
e 27 18 740
e 27 19 150
e 27 20 562
e 27 21 219
e 27 25 703
e 25 5 96
e 25 6 523
e 25 8 315
e 25 9 181
e 25 10 27
e 25 12 499
e 25 16 261
e 25 17 896
e 25 18 643
e 25 20 447
e 25 22 837
e 25 23 280
e 25 26 973
e 26 2 870
e 26 3 256
e 26 4 891
e 26 6 972
e 26 7 494
e 26 8 228
e 26 9 26
e 26 10 502
e 26 13 588
e 26 14 277
e 26 15 506
e 26 17 267
e 26 18 834
e 26 19 515
e 26 21 733
e 26 22 206
e 26 23 838
e 26 24 383
e 26 28 636
e 28 2 838
e 28 3 345
e 28 6 493
e 28 7 441
e 28 11 356
e 28 12 823
e 28 14 563
e 28 15 934
e 28 18 874
e 28 20 731
e 28 21 948
e 28 23 329
e 23 9 983
e 23 10 742
e 23 11 156
e 23 16 183
e 23 17 97
e 23 20 964
e 23 21 345
e 23 22 293
e 23 24 194
e 24 2 400
e 24 3 50
e 24 7 466
e 24 11 356
e 24 12 457
e 24 13 81
e 24 14 581
e 24 16 188
e 24 18 656
e 24 19 589
e 19 4 385
e 19 5 778
e 19 7 413
e 19 8 868
e 19 11 833
e 19 12 980
e 19 14 999
e 19 15 793
e 19 16 900
e 19 18 526
e 19 21 209
e 19 22 972
e 22 4 745
e 22 6 489
e 22 11 673
e 22 12 757
e 22 14 833
e 22 16 36
e 22 17 518
e 22 18 822
e 22 20 433
e 20 2 982
e 20 4 471
e 20 5 37
e 20 7 151
e 20 8 698
e 20 9 926
e 20 13 378
e 20 16 24
e 20 21 679
e 20 103 958
e 20 104 443
e 20 106 737
e 106 107 183
e 107 101 480
e 101 103 83
e 101 104 938
e 101 105 225
e 101 108 621
e 108 102 81
e 108 271 472
e 108 278 837
e 108 279 732
e 279 277 222
e 279 371 885
e 279 372 440
e 279 373 510
e 279 374 356
e 279 375 161
e 375 366 928
e 375 367 785
e 375 368 46
e 375 371 153
e 371 366 267
e 371 367 766
e 371 369 139
e 371 370 623
e 371 372 787
e 371 373 418
e 371 374 427
e 374 369 955
e 374 370 978
e 370 369 462
e 370 377 878
e 370 379 74
e 370 381 883
e 370 382 949
e 370 386 251
e 386 378 649
e 386 381 743
e 386 385 17
e 386 388 19
e 388 376 496
e 388 381 697
e 388 382 54
e 388 383 792
e 383 377 184
e 383 378 345
e 383 382 782
e 383 387 56
e 387 377 287
e 387 378 724
e 387 382 792
e 387 385 833
e 385 378 318
e 385 381 256
e 385 384 778
e 384 378 733
e 384 379 929
e 384 380 377
e 384 381 378
e 384 389 451
e 384 391 438
e 384 393 721
e 393 389 129
e 393 390 830
e 393 392 898
e 393 394 350
e 393 397 954
e 393 398 873
e 398 390 148
e 398 392 424
e 398 394 544
e 398 395 52
e 398 397 994
e 397 390 740
e 397 392 79
e 392 394 533
e 392 395 194
e 395 389 757
e 395 390 128
e 395 391 124
e 391 390 863
e 390 394 525
e 390 396 47
e 396 389 22
e 396 394 169
e 381 378 422
e 381 380 913
e 380 376 869
e 380 379 508
e 376 382 709
e 376 402 575
e 376 405 639
e 376 406 651
e 376 409 973
e 376 410 311
e 410 399 798
e 410 400 234
e 410 403 493
e 410 404 453
e 410 405 657
e 410 406 993
e 410 407 887
e 410 409 314
e 409 401 258
e 409 404 769
e 404 399 893
e 404 402 225
e 402 399 205
e 402 406 906
e 406 400 208
e 406 405 304
e 400 403 506
e 403 408 791
e 408 407 443
e 399 401 308
e 369 372 858
e 369 373 44
e 373 366 102
e 373 368 279
e 372 419 467
e 372 420 200
e 372 421 326
e 372 422 461
e 422 412 446
e 422 415 984
e 422 417 144
e 422 420 314
e 420 414 515
e 420 417 380
e 420 436 668
e 420 441 625
e 420 442 609
e 420 443 180
e 443 436 947
e 443 440 675
e 443 442 44
e 442 436 16
e 442 439 108
e 442 440 318
e 442 441 868
e 441 437 695
e 441 438 442
e 441 439 370
e 438 437 496
e 438 440 911
e 417 411 133
e 417 414 492
e 417 419 703
e 419 411 759
e 419 414 929
e 419 423 205
e 419 427 149
e 419 432 837
e 432 430 870
e 432 431 437
e 431 424 736
e 431 425 804
e 431 426 745
e 431 428 744
e 431 435 884
e 435 427 745
e 435 434 564
e 434 424 824
e 434 427 926
e 434 428 839
e 434 433 535
e 433 429 176
e 429 427 572
e 427 424 376
e 427 426 76
e 427 430 390
e 430 424 762
e 426 428 676
e 428 425 342
e 423 414 209
e 414 416 376
e 414 421 505
e 421 412 151
e 421 415 694
e 421 416 349
e 421 418 833
e 418 412 107
e 416 413 600
e 416 415 914
e 413 411 857
e 277 270 138
e 277 276 718
e 276 271 753
e 276 273 981
e 273 270 26
e 273 274 998
e 274 271 545
e 274 275 360
e 275 271 480
e 275 272 120
e 272 270 165
e 272 278 637
e 272 282 948
e 272 284 879
e 272 286 728
e 272 287 660
e 272 288 251
e 272 289 308
e 272 290 253
e 290 281 503
e 281 286 671
e 281 287 795
e 287 280 703
e 287 283 583
e 287 284 487
e 287 288 884
e 287 289 526
e 287 292 935
e 292 280 168
e 292 283 551
e 292 289 724
e 289 283 393
e 283 282 318
e 283 284 83
e 283 286 273
e 283 291 343
e 291 284 748
e 291 293 769
e 291 294 41
e 291 296 854
e 291 300 97
e 291 302 311
e 302 299 931
e 299 294 950
e 299 297 867
e 299 304 823
e 304 295 153
e 304 296 42
e 304 300 24
e 304 301 932
e 304 305 295
e 305 303 373
e 305 306 772
e 305 308 223
e 305 312 446
e 312 310 892
e 310 308 970
e 308 307 723
e 308 309 236
e 309 306 522
e 309 311 24
e 311 307 54
e 303 294 726
e 294 313 671
e 294 314 608
e 294 315 484
e 294 316 814
e 294 321 252
e 321 320 570
e 320 314 202
e 320 317 985
e 320 318 264
e 320 323 235
e 323 313 990
e 323 314 988
e 323 319 579
e 319 314 10
e 319 317 999
e 319 318 675
e 318 315 472
e 315 314 774
e 315 324 110
e 315 325 815
e 325 313 866
e 325 316 326
e 316 313 247
e 313 322 318
e 322 317 59
e 317 314 94
e 314 324 551
e 301 293 242
e 301 297 21
e 301 298 45
e 298 293 854
e 298 296 743
e 298 300 272
e 300 295 706
e 300 296 328
e 296 293 345
e 286 285 785
e 285 288 553
e 280 326 516
e 280 327 165
e 280 334 147
e 280 335 706
e 280 337 602
e 280 338 986
e 338 331 51
e 338 332 921
e 338 333 639
e 338 334 194
e 338 336 129
e 336 330 558
e 336 334 389
e 334 326 476
e 334 331 928
e 334 335 432
e 334 352 704
e 334 360 392
e 360 352 180
e 360 357 544
e 357 352 461
e 357 355 230
e 357 358 765
e 357 359 609
e 357 363 688
e 357 364 854
e 357 365 42
e 365 359 91
e 365 362 291
e 362 352 473
e 362 356 74
e 362 358 677
e 362 363 456
e 363 355 836
e 363 361 100
e 361 355 665
e 355 354 823
e 355 364 308
e 364 353 46
e 364 354 355
e 364 358 392
e 358 352 962
e 358 353 446
e 358 356 238
e 358 359 798
e 356 352 211
e 356 354 775
e 352 353 117
e 335 326 253
e 335 328 372
e 335 332 836
e 332 327 911
e 332 329 447
e 332 333 48
e 332 337 795
e 337 327 602
e 327 329 55
e 327 333 574
e 333 326 25
e 329 328 312
e 328 330 377
e 330 331 65
e 331 346 616
e 331 347 219
e 331 351 558
e 351 343 709
e 351 344 421
e 351 345 479
e 351 346 89
e 351 350 463
e 350 341 755
e 350 345 497
e 345 339 221
e 345 340 468
e 345 341 143
e 345 344 624
e 345 346 659
e 345 347 46
e 345 349 58
e 349 342 817
e 349 346 128
e 349 347 815
e 349 348 920
e 348 341 214
e 341 339 347
e 341 344 465
e 344 340 307
e 344 346 106
e 340 342 881
e 342 339 191
e 342 347 105
e 347 339 55
e 347 343 152
e 343 339 362
e 278 270 964
e 278 271 519
e 271 270 570
e 102 105 396
e 105 104 66
e 105 114 959
e 105 116 646
e 105 117 222
e 117 110 196
e 117 112 929
e 117 118 635
e 118 110 208
e 118 113 676
e 118 115 846
e 118 116 216
e 118 198 224
e 118 199 31
e 118 202 970
e 118 203 679
e 118 205 853
e 205 198 249
e 205 199 548
e 199 200 21
e 200 198 47
e 200 201 159
e 200 202 304
e 200 204 932
e 204 203 169
e 204 206 957
e 206 201 969
e 206 236 48
e 206 239 376
e 206 245 665
e 206 246 66
e 246 237 821
e 246 243 268
e 246 247 60
e 246 248 936
e 246 249 685
e 249 237 956
e 249 245 878
e 249 248 855
e 248 237 248
e 248 241 853
e 248 245 593
e 245 236 821
e 245 237 58
e 245 240 10
e 245 241 316
e 245 242 878
e 245 244 796
e 245 247 444
e 247 243 242
e 243 236 611
e 243 237 95
e 243 241 330
e 241 237 360
e 241 239 825
e 241 259 644
e 241 260 962
e 241 262 355
e 262 266 550
e 262 267 720
e 262 269 547
e 269 261 603
e 269 265 324
e 269 267 732
e 267 257 230
e 267 261 861
e 267 264 170
e 267 265 236
e 267 266 69
e 267 268 280
e 268 257 621
e 268 258 996
e 258 259 484
e 258 265 612
e 258 266 620
e 266 259 749
e 265 257 46
e 265 261 876
e 265 263 228
e 263 264 81
e 264 260 949
e 260 261 970
e 239 238 874
e 238 242 416
e 238 244 84
e 244 236 340
e 244 240 295
e 244 242 926
e 242 236 101
e 236 237 432
e 236 251 899
e 236 254 999
e 236 256 36
e 256 252 54
e 252 251 744
e 252 255 872
e 255 250 460
e 255 253 733
e 253 250 655
e 253 254 862
e 254 251 489
e 201 202 980
e 202 203 203
e 202 217 222
e 202 219 442
e 219 216 471
e 219 218 506
e 218 207 391
e 218 209 336
e 218 210 971
e 218 211 868
e 218 213 241
e 218 215 598
e 218 216 177
e 218 217 196
e 217 207 720
e 217 208 120
e 217 211 207
e 217 213 815
e 217 214 910
e 214 211 772
e 211 210 387
e 211 213 275
e 211 216 500
e 216 208 751
e 216 210 362
e 216 212 120
e 216 213 966
e 213 207 698
e 213 209 702
e 213 210 490
e 210 208 58
e 210 209 912
e 210 212 87
e 210 215 882
e 210 229 659
e 210 230 739
e 210 231 653
e 210 232 477
e 232 231 626
e 232 233 123
e 232 234 40
e 232 235 565
e 235 229 359
e 235 234 182
e 234 231 46
e 231 230 314
e 229 233 684
e 215 212 171
e 212 209 87
e 212 221 919
e 212 222 125
e 212 223 799
e 223 220 950
e 223 221 834
e 223 228 375
e 228 220 239
e 228 224 470
e 224 221 373
e 224 222 475
e 222 226 643
e 226 220 617
e 226 225 391
e 226 227 867
e 227 221 840
e 225 220 263
e 208 207 19
e 115 110 102
e 115 113 131
e 115 114 273
e 114 109 803
e 114 111 601
e 111 112 209
e 111 113 390
e 111 119 162
e 111 121 583
e 111 126 756
e 126 120 121
e 126 122 977
e 126 125 610
e 125 120 736
e 125 122 306
e 125 123 658
e 123 119 929
e 123 120 955
e 123 121 988
e 123 124 800
e 123 162 715
e 123 163 344
e 123 168 96
e 123 171 308
e 171 170 820
e 171 185 120
e 171 186 480
e 171 188 161
e 171 191 88
e 171 194 774
e 194 190 238
e 194 192 563
e 194 195 718
e 194 197 66
e 197 187 538
e 197 188 340
e 197 190 443
e 197 193 590
e 197 196 164
e 196 186 260
e 196 188 356
e 196 191 614
e 191 192 601
e 192 187 513
e 192 188 196
e 192 190 11
e 190 188 438
e 190 193 332
e 193 187 19
e 193 188 732
e 188 185 764
e 188 187 556
e 187 186 402
e 187 189 538
e 187 195 371
e 195 189 25
e 189 185 450
e 189 186 780
e 170 164 630
e 170 166 928
e 170 167 962
e 170 169 938
e 169 167 234
e 167 165 400
e 165 163 507
e 163 164 471
e 163 166 860
e 163 175 729
e 163 176 299
e 163 178 435
e 163 180 523
e 163 181 792
e 163 183 343
e 183 172 390
e 183 173 698
e 183 174 855
e 183 179 342
e 179 176 910
e 179 182 383
e 182 173 634
e 182 176 673
e 182 180 784
e 182 181 861
e 181 172 842
e 181 174 956
e 181 178 436
e 181 180 401
e 181 184 952
e 184 173 898
e 184 174 205
e 184 175 430
e 184 178 235
e 178 172 657
e 178 176 304
e 178 177 15
e 178 180 115
e 180 173 960
e 180 176 431
e 176 172 157
e 176 174 761
e 176 177 516
e 177 174 531
e 177 175 200
e 175 172 621
e 175 173 733
e 173 172 150
e 166 162 836
e 166 168 959
e 162 164 65
e 124 121 552
e 121 122 670
e 122 127 691
e 122 136 454
e 122 137 722
e 137 128 952
e 137 130 902
e 137 134 972
e 134 130 475
e 134 131 577
e 134 132 718
e 134 136 138
e 136 128 348
e 136 132 139
e 136 133 386
e 136 135 729
e 135 127 704
e 135 129 195
e 135 131 601
e 135 132 736
e 135 133 40
e 135 140 746
e 135 141 150
e 135 148 373
e 135 149 434
e 149 142 252
e 142 148 336
e 142 151 223
e 151 138 46
e 151 141 896
e 151 144 172
e 151 145 118
e 145 138 220
e 145 139 377
e 145 140 192
e 145 141 514
e 145 144 616
e 145 146 132
e 146 141 915
e 146 148 33
e 148 140 411
e 148 141 928
e 148 143 731
e 148 147 240
e 147 138 206
e 147 139 468
e 139 144 664
e 144 143 415
e 144 150 327
e 150 138 821
e 150 140 868
e 140 138 767
e 140 141 78
e 140 143 684
e 133 128 703
e 129 127 13
e 127 130 110
e 130 154 433
e 130 155 919
e 130 156 502
e 130 157 910
e 130 160 292
e 160 153 55
e 160 157 787
e 160 159 309
e 160 161 740
e 161 152 151
e 161 157 37
e 161 159 332
e 159 153 520
e 159 157 197
e 159 158 989
e 158 152 416
e 158 154 996
e 154 152 346
e 154 156 214
e 154 157 405
e 157 153 242
e 157 155 737
e 155 153 711
e 113 109 39
e 113 110 319
e 113 112 917
e 21 4 724
e 21 5 653
e 21 7 702
e 21 8 397
e 21 10 212
e 21 11 121
e 21 12 211
e 21 13 766
e 21 14 35
e 21 16 183
e 21 18 699
e 18 2 463
e 18 4 177
e 18 5 81
e 18 6 470
e 18 7 762
e 18 8 231
e 18 9 497
e 18 12 569
e 18 13 777
e 18 14 784
e 14 3 19
e 14 6 447
e 14 7 441
e 14 9 765
e 14 11 982
e 14 15 480
e 14 16 500
e 14 17 765
e 17 3 798
e 17 5 28
e 17 7 853
e 17 9 623
e 17 13 136
e 17 15 450
e 15 2 678
e 15 6 221
e 15 8 487
e 15 9 841
e 15 10 920
e 15 12 894
e 12 2 87
e 12 3 41
e 12 4 957
e 12 5 492
e 12 6 818
e 12 13 155
e 12 16 870
e 16 2 676
e 16 6 502
e 16 7 840
e 16 10 741
e 16 11 488
e 16 13 48
e 13 2 94
e 13 3 676
e 13 4 788
e 13 6 106
e 13 10 479
e 13 11 970
e 11 3 16
e 11 5 562
e 11 7 773
e 11 8 212
e 8 2 583
e 8 6 57
e 8 9 435
e 8 10 995
e 10 3 993
e 10 4 370
e 10 5 408
e 5 6 837
e 5 9 692
e 9 2 460
e 9 6 536
e 6 3 11
e 6 4 140
e 4 2 887
e 4 3 502
e 3 7 326
