c solution = 214,102910
p edge 4000 3999
e 1 1125 896
e 1 3342 150
e 3342 1370 764
e 3342 1493 321
e 3342 358 86
e 358 2193 670
e 358 2722 474
e 2722 3524 244
e 2722 1503 64
e 1503 2619 55
e 2619 1879 493
e 2619 2151 566
e 2619 1716 603
e 1716 2370 260
e 1716 531 148
e 531 1872 70
e 531 1359 148
e 531 937 883
e 937 1551 314
e 1551 3672 809
e 1551 3132 458
e 3132 3434 321
e 3132 1736 299
e 1736 769 350
e 1736 2224 359
e 2224 521 737
e 2224 1299 739
e 2224 2368 714
e 2224 1548 441
e 1548 184 128
e 1548 3567 835
e 3567 1468 414
e 1468 2747 353
e 1468 1166 603
e 1166 130 895
e 130 2857 958
e 130 1057 297
e 130 3007 278
e 3007 2266 256
e 3007 3456 717
e 3007 2639 462
e 2639 90 676
e 2639 996 948
e 2639 1428 505
e 1428 2060 359
e 2060 989 355
e 989 57 558
e 989 151 849
e 989 608 214
e 608 2269 694
e 608 3510 82
e 608 2712 13
e 2712 1020 71
e 1020 2042 627
e 2042 3393 448
e 3393 640 53
e 640 2270 885
e 640 1006 129
e 1006 2754 805
e 1006 3822 360
e 1006 2398 294
e 2398 2369 768
e 2369 3350 658
e 2369 1829 427
e 1829 2519 362
e 1829 2124 438
e 2124 3861 845
e 2124 2599 152
e 2599 170 91
e 2599 2924 294
e 2599 2484 953
e 2484 1052 324
e 2484 1399 669
e 2484 2960 943
e 2484 982 784
e 982 3782 42
e 982 992 416
e 992 1946 313
e 992 2359 356
e 2359 2803 402
e 2359 2673 994
e 2673 279 996
e 2673 2020 439
e 2673 3787 132
e 2673 2900 787
e 2673 1080 165
e 1080 2497 539
e 2497 790 350
e 790 254 947
e 790 1347 953
e 790 2511 372
e 2511 2777 919
e 2511 3356 895
e 3356 3496 654
e 3496 1849 239
e 1849 3472 971
e 3472 3509 138
e 3472 2343 850
e 2343 3698 670
e 3698 2812 386
e 2812 1568 971
e 2812 2051 801
e 2812 3965 630
e 3965 3159 706
e 3965 1111 553
e 1111 1979 446
e 1111 189 637
e 1111 187 881
e 1111 770 12
e 770 1118 49
e 770 1219 830
e 1219 2145 543
e 2145 2164 979
e 2164 3879 193
e 2164 1061 407
e 2164 127 760
e 2164 1884 157
e 1884 1852 486
e 1884 2396 23
e 2396 3700 612
e 3700 1762 197
e 3700 3513 401
e 3513 1381 684
e 1381 3671 202
e 1381 2047 398
e 1381 2879 160
e 2879 3183 439
e 3183 1256 909
e 1256 2169 148
e 2169 798 517
e 798 879 947
e 879 356 420
e 879 220 751
e 220 3851 458
e 3851 2182 711
e 3851 2403 123
e 2403 1517 905
e 1517 304 928
e 304 134 664
e 304 2587 424
e 304 1597 79
e 1597 2598 117
e 1597 2320 23
e 2320 2623 499
e 2320 3305 953
e 3305 1355 320
e 3305 2409 400
e 3305 3952 648
e 3305 2312 717
e 2312 1857 76
e 2312 3153 300
e 2312 1146 760
e 1146 932 950
e 1146 3095 566
e 1146 1891 729
e 1891 2023 346
e 2023 1083 154
e 1083 2551 141
e 1083 4000 972
e 3095 3550 827
e 3550 622 829
e 3550 3569 14
e 3569 2853 410
e 3569 3789 413
e 3789 1078 78
e 3789 2076 350
e 3789 1243 757
e 1243 2794 913
e 2853 3148 180
e 622 1620 523
e 3153 1901 796
e 3153 3204 950
e 3153 3428 136
e 2623 2962 743
e 2623 2602 842
e 2602 2228 917
e 2602 478 606
e 478 1075 268
e 478 3380 801
e 478 903 873
e 903 203 217
e 903 2309 744
e 903 585 647
e 903 3578 386
e 3578 3403 687
e 3578 1357 679
e 3578 1861 194
e 1861 252 650
e 1861 3888 433
e 1861 3387 424
e 3387 1329 709
e 1329 2958 964
e 1329 3011 659
e 1329 816 718
e 816 2277 388
e 2277 718 106
e 2277 3416 447
e 3416 2550 325
e 3416 3091 94
e 3091 820 666
e 3091 3333 562
e 3091 3526 228
e 3091 3302 500
e 3091 2021 731
e 2021 2002 136
e 2021 1068 750
e 1068 2284 273
e 2284 777 363
e 777 808 321
e 808 2350 392
e 808 3966 848
e 3966 1876 519
e 1876 3441 745
e 2002 819 611
e 2002 3943 840
e 3943 2589 578
e 819 1783 255
e 819 2216 186
e 1783 1789 637
e 1789 1729 723
e 1729 1261 143
e 1729 330 39
e 330 1277 638
e 3302 1712 14
e 3302 2199 363
e 3302 3718 620
e 3718 1258 443
e 3718 1494 576
e 3718 1984 519
e 1984 1295 770
e 1984 3074 438
e 3074 2836 138
e 1494 1894 349
e 1494 2572 779
e 1494 2601 18
e 2199 645 854
e 2199 3224 512
e 3526 1667 614
e 3526 2363 756
e 820 1389 716
e 3011 97 324
e 3888 2927 304
e 252 3054 679
e 3054 2676 913
e 2676 413 858
e 1357 1866 745
e 1357 3964 623
e 3964 953 646
e 3964 1618 394
e 1618 930 639
e 1618 1877 42
e 930 1288 681
e 585 2245 633
e 585 3563 400
e 585 3623 649
e 585 2842 66
e 2842 1298 951
e 2842 981 139
e 981 2423 521
e 2423 3866 638
e 3866 3852 225
e 3852 469 979
e 3852 1271 579
e 1271 3929 303
e 3929 3576 531
e 3929 303 489
e 303 394 855
e 394 2957 866
e 394 1420 358
e 394 1180 794
e 1180 925 281
e 1180 1658 72
e 1180 222 269
e 222 3939 567
e 1420 3055 490
e 1420 1970 589
e 1970 1249 202
e 1970 1726 597
e 1726 1464 558
e 1726 3382 877
e 1464 436 532
e 436 2724 24
e 3576 2510 540
e 3576 2565 280
e 3576 3085 77
e 3576 3118 730
e 3118 1099 329
e 3118 2998 79
e 3118 2890 820
e 2890 323 718
e 2890 163 982
e 2890 3811 967
e 3811 2874 46
e 3811 997 647
e 3811 591 742
e 591 700 175
e 591 690 421
e 591 1826 613
e 1826 2059 870
e 1826 3848 814
e 3848 3186 629
e 3186 1699 224
e 3186 3662 622
e 3662 2075 598
e 3662 697 897
e 3662 2564 578
e 2564 3579 129
e 697 2885 810
e 2885 3146 394
e 1699 1664 170
e 1664 1579 927
e 2059 1027 726
e 690 1776 68
e 690 2428 789
e 997 3658 595
e 997 2333 249
e 2333 3323 48
e 3323 3833 40
e 3833 2678 717
e 163 1232 194
e 163 2274 724
e 2998 3274 402
e 2998 3800 677
e 3800 357 306
e 3800 300 276
e 300 2771 466
e 300 3759 140
e 3759 2263 78
e 2263 3176 588
e 2771 2386 304
e 1099 16 47
e 2510 2247 820
e 2510 1015 173
e 1015 987 407
e 987 2441 89
e 2441 857 355
e 469 125 493
e 125 957 952
e 125 1175 260
e 1175 56 961
e 1298 2233 975
e 1298 3842 98
e 3842 2991 576
e 2991 2082 47
e 2991 1203 354
e 2991 313 406
e 2991 124 780
e 124 1189 380
e 1189 2413 76
e 2413 3863 884
e 3863 2577 611
e 3863 1067 517
e 1067 1713 129
e 1067 3705 963
e 3705 967 939
e 967 1724 660
e 313 519 763
e 519 3212 655
e 3212 2750 25
e 3212 3765 307
e 3765 2205 858
e 1203 3495 544
e 1203 1009 621
e 1009 1342 787
e 1009 2629 622
e 1009 3268 373
e 1009 2052 818
e 2052 40 983
e 40 3557 622
e 3557 1213 571
e 3557 1763 330
e 1763 1096 985
e 1213 378 623
e 1213 525 325
e 2629 2006 587
e 3623 489 99
e 489 709 545
e 489 1835 815
e 489 2943 277
e 2309 1569 26
e 2309 3523 747
e 3523 3168 13
e 3523 3254 396
e 3254 395 147
e 3254 3665 602
e 3665 198 13
e 3665 496 466
e 496 1764 447
e 496 408 345
e 408 2339 675
e 2339 2048 654
e 2048 3334 940
e 2048 943 499
e 943 778 320
e 943 232 733
e 943 2354 375
e 943 3198 111
e 943 3691 219
e 3691 2065 102
e 3198 952 118
e 952 128 948
e 952 1065 482
e 1065 2081 68
e 232 1845 566
e 232 2139 278
e 1764 1322 253
e 1764 3280 447
e 3280 1139 394
e 1322 3166 958
e 3168 431 975
e 1569 3525 324
e 203 1421 292
e 203 1557 244
e 3380 2503 599
e 2503 3734 203
e 2962 3709 34
e 3709 1290 293
e 1290 1190 171
e 1290 3827 12
e 3827 195 859
e 1190 2189 145
e 134 121 926
e 134 1532 524
e 1532 465 610
e 2047 983 559
e 983 3150 61
e 983 2140 37
e 2140 3078 780
e 2140 3710 781
e 3710 2740 421
e 3710 2795 700
e 2795 1223 741
e 1223 3235 145
e 1223 2390 954
e 2390 512 783
e 2390 3190 590
e 3190 571 642
e 571 1994 51
e 571 1906 850
e 571 3756 723
e 1906 3488 672
e 3488 3667 700
e 3667 3172 306
e 3235 1990 39
e 3235 2995 992
e 2995 2561 698
e 1990 2325 422
e 3671 1252 894
e 1762 3905 865
e 1762 851 164
e 851 2392 582
e 851 2477 728
e 2477 318 366
e 2477 3572 519
e 2477 3205 775
e 3205 1308 39
e 3205 1834 240
e 3205 1985 456
e 1985 3583 875
e 3583 2737 159
e 3583 861 698
e 861 739 655
e 861 2542 16
e 861 2476 788
e 2476 1818 612
e 2476 3795 153
e 2476 1140 388
e 1140 678 18
e 1140 578 784
e 1140 3909 458
e 3909 1383 674
e 1383 2340 156
e 1383 3021 168
e 3021 70 791
e 70 1044 462
e 70 3381 283
e 70 3839 520
e 1044 796 369
e 2340 2361 192
e 2361 2125 697
e 2361 3090 537
e 2361 2522 962
e 2361 1773 274
e 1773 3081 270
e 3081 2066 975
e 2066 3140 780
e 2066 2586 142
e 2586 2931 886
e 2931 2242 543
e 2242 2800 953
e 2242 3723 314
e 3140 260 997
e 2522 2759 701
e 2522 3421 148
e 578 3269 878
e 3269 2034 588
e 1818 2640 978
e 1818 1838 547
e 1838 2160 97
e 2160 3442 239
e 3442 2512 149
e 2640 401 243
e 2542 3177 990
e 2737 1933 740
e 2737 2520 481
e 2520 896 799
e 2520 1609 682
e 1933 1450 686
e 1450 2204 271
e 2204 1122 798
e 3572 2038 230
e 2038 146 182
e 2038 1601 46
e 2038 1679 109
e 1679 1480 921
e 1679 3722 95
e 1679 3785 390
e 3785 1455 984
e 3785 3500 111
e 3500 453 130
e 3500 916 604
e 3722 3165 536
e 3165 1113 773
e 1113 3512 970
e 1601 695 731
e 318 3712 548
e 3712 862 137
e 3712 2056 604
e 2056 3282 500
e 2056 499 400
e 499 3134 34
e 3134 120 821
e 3134 51 356
e 51 3740 182
e 3740 582 490
e 3740 1950 16
e 1950 1321 618
e 3905 2839 583
e 2839 171 570
e 127 3223 290
e 127 2620 583
e 2620 3725 19
e 3725 1264 534
e 3725 3602 399
e 3725 3420 233
e 3420 1153 104
e 3420 3088 845
e 3420 2581 562
e 2581 375 887
e 375 1338 890
e 375 166 648
e 375 2858 694
e 2858 1847 411
e 1847 2313 349
e 1847 691 644
e 1847 3987 699
e 1847 3661 36
e 3661 490 990
e 490 2613 398
e 2613 2621 572
e 2613 245 695
e 245 2454 502
e 2454 3160 180
e 2454 2799 75
e 2799 1842 582
e 1842 3281 778
e 1842 217 355
e 217 852 719
e 852 1508 92
e 1508 2492 36
e 2492 1109 103
e 2492 2175 607
e 2175 1588 294
e 2175 557 993
e 2175 1210 848
e 1210 2954 236
e 2954 162 290
e 2954 1978 441
e 2954 1141 680
e 1141 343 587
e 1141 1695 91
e 1141 3959 496
e 3959 3992 248
e 3992 3445 293
e 3445 3961 598
e 1978 2627 129
e 1978 3751 876
e 557 1747 837
e 1747 2388 416
e 1747 3338 840
e 3338 2672 206
e 2672 226 566
e 226 210 907
e 226 2869 667
e 1588 701 606
e 701 3277 572
e 3277 2535 917
e 2535 1036 680
e 3281 1406 801
e 1406 31 331
e 31 2877 703
e 2877 3462 525
e 3462 3752 633
e 3160 3504 363
e 3160 755 467
e 755 41 566
e 41 3810 538
e 3504 2365 450
e 691 1860 288
e 1860 429 621
e 1860 1945 563
e 1860 2547 853
e 2547 1000 142
e 2547 1530 394
e 1530 2316 169
e 2316 2841 578
e 2316 2401 190
e 2401 17 748
e 17 1104 693
e 17 1956 462
e 17 2526 791
e 2526 2311 179
e 2311 931 895
e 2311 3817 407
e 3817 1922 607
e 3817 1087 720
e 3817 898 603
e 3817 3761 134
e 898 836 718
e 898 2272 411
e 898 1935 832
e 1935 2381 22
e 1935 632 484
e 632 1373 333
e 632 2791 645
e 2791 2592 414
e 2791 3260 38
e 3260 3651 656
e 2592 2425 950
e 2425 3234 571
e 1373 473 981
e 473 398 991
e 473 2121 257
e 2381 1010 636
e 1087 528 17
e 528 2222 344
e 528 1976 254
e 1976 2854 976
e 1976 623 179
e 623 2459 157
e 2459 2907 333
e 2459 3084 526
e 2907 866 534
e 2854 1756 413
e 1922 1165 766
e 1922 2158 418
e 2158 149 566
e 149 3006 110
e 3006 23 425
e 1165 1268 850
e 1268 1142 950
e 1142 37 712
e 1142 1148 669
e 37 872 426
e 1956 1840 46
e 1945 3196 75
e 429 2607 330
e 2607 730 858
e 2313 1954 853
e 2313 3046 175
e 166 2530 552
e 2530 3258 333
e 2530 495 393
e 495 867 863
e 495 3969 853
e 3969 657 688
e 657 699 711
e 699 1590 147
e 1590 1675 431
e 1675 293 712
e 1675 800 725
e 1675 3004 139
e 3004 809 134
e 3004 747 473
e 747 835 733
e 835 2501 632
e 2501 3297 103
e 3297 1053 453
e 1053 1632 70
e 1053 2949 667
e 800 1562 964
e 1562 919 193
e 919 435 596
e 435 1927 396
e 1927 2260 639
e 867 2695 413
e 2695 3413 923
e 3088 2452 230
e 2452 1823 421
e 2452 206 381
e 206 601 566
e 601 2818 573
e 601 3102 721
e 3102 2576 38
e 3102 1388 863
e 1388 1777 581
e 1777 1541 333
e 1541 3310 412
e 3310 609 848
e 3310 1683 856
e 3310 26 927
e 26 430 135
e 26 991 786
e 991 3225 36
e 3225 877 959
e 877 759 670
e 877 1377 325
e 877 3566 433
e 3566 676 646
e 676 3553 875
e 430 1045 166
e 2576 938 214
e 2576 296 19
e 296 2680 827
e 1823 2864 650
e 2864 1589 651
e 1589 1621 865
e 1589 2191 975
e 3602 2932 127
e 3602 3351 683
e 2932 1380 299
e 1380 2148 777
e 2148 3208 822
e 1061 3558 261
e 1061 58 905
e 58 3466 292
e 58 520 302
e 520 2211 267
e 2211 1199 530
e 2211 2022 328
e 2211 338 640
e 338 1535 661
e 338 2964 170
e 338 2662 379
e 2662 2072 342
e 2072 19 492
e 2072 2215 471
e 2215 3052 30
e 3052 1797 325
e 3052 1828 574
e 3052 3990 749
e 3990 179 888
e 3990 1440 872
e 1440 2703 703
e 2703 3703 612
e 3703 1986 164
e 3703 3377 809
e 3377 2690 153
e 3377 3829 548
e 2690 1422 270
e 2690 1586 794
e 1586 2775 926
e 1986 1228 966
e 1986 1434 320
e 1828 897 370
e 1828 2697 40
e 1828 2718 194
e 1797 147 236
e 2964 3287 781
e 2964 2933 280
e 2933 2207 16
e 2933 3328 554
e 3328 2377 838
e 3328 2430 960
e 2207 269 998
e 269 1934 505
e 1934 2755 77
e 2755 1312 329
e 1312 1463 612
e 1535 959 53
e 1535 3120 273
e 2022 811 337
e 1199 1495 43
e 3466 1350 355
e 3466 2287 33
e 3466 3216 506
e 3466 100 59
e 100 360 861
e 100 2302 284
e 2302 2711 433
e 2711 3955 775
e 3955 558 375
e 558 3697 413
e 3697 1652 934
e 3697 3615 289
e 3615 3193 360
e 1652 659 516
e 1652 3340 826
e 360 2595 55
e 360 3415 636
e 3415 3444 824
e 3415 650 127
e 650 1701 250
e 1701 3803 757
e 3803 91 644
e 3444 743 591
e 3444 1868 767
e 3444 3673 395
e 2595 1002 346
e 3558 3026 39
e 3558 2438 454
e 3558 75 82
e 75 2041 427
e 75 3383 699
e 75 1708 124
e 1708 2966 652
e 1708 2412 936
e 2412 239 376
e 2412 3024 104
e 2412 621 548
e 621 2240 493
e 2240 3008 699
e 3008 3742 949
e 3742 2408 890
e 3742 3983 253
e 3024 560 616
e 3024 3384 836
e 560 1628 285
e 239 364 113
e 364 445 66
e 2966 1641 545
e 1641 1483 401
e 1641 2631 882
e 2631 2575 54
e 2041 1519 385
e 2438 2136 993
e 2136 1925 218
e 2136 2444 353
e 2136 2920 699
e 2920 1216 91
e 1216 3894 77
e 2444 2058 503
e 2058 1467 913
e 2058 3467 361
e 3026 2229 443
e 2229 1287 838
e 2229 2299 898
e 2299 2969 681
e 2969 631 571
e 1287 2682 48
e 1287 2128 993
e 2128 2852 436
e 2852 756 112
e 187 2453 802
e 187 2489 93
e 2489 606 138
e 606 1367 659
e 1367 584 601
e 584 2348 778
e 584 3844 421
e 3844 2769 280
e 3844 3942 99
e 3942 108 842
e 2769 1926 205
e 1926 3191 559
e 1926 1938 141
e 1938 1466 104
e 1466 3656 985
e 3656 88 491
e 3656 564 439
e 3656 3627 766
e 3627 3072 673
e 564 305 728
e 305 2881 623
e 3191 3041 679
e 3041 22 483
e 2348 2478 523
e 2348 1728 543
e 2348 1429 744
e 1429 3449 398
e 1429 225 793
e 225 886 182
e 225 240 59
e 225 1005 777
e 1005 287 24
e 287 2738 16
e 2738 2909 346
e 2909 1740 384
e 2909 3666 286
e 3666 787 994
e 3666 1988 568
e 787 1696 559
e 240 2856 744
e 240 1812 770
e 240 3251 340
e 1812 2508 913
e 2508 3031 140
e 3031 115 307
e 115 3112 413
e 2856 576 11
e 1728 2594 289
e 1728 3394 48
e 2478 1227 469
e 2453 1424 940
e 2453 2833 396
e 2453 3167 858
e 3167 2031 318
e 2031 1550 657
e 189 1757 434
e 1757 3411 312
e 1757 3542 23
e 1979 382 724
e 382 1444 658
e 3159 1778 894
e 3509 644 563
e 3509 2086 111
e 3509 3463 737
e 3463 764 128
e 2900 1685 356
e 1685 1452 313
e 1685 613 163
e 613 1021 690
e 1021 74 681
e 74 2049 152
e 74 2016 821
e 2016 1183 861
e 2016 1625 387
e 1625 1004 661
e 1625 2137 95
e 1625 2443 690
e 1625 2385 928
e 2385 1911 218
e 1911 1913 890
e 1913 105 669
e 105 3807 320
e 105 454 188
e 454 3899 689
e 3899 270 93
e 3899 2785 305
e 2785 1239 381
e 1239 3568 416
e 3568 2230 928
e 3568 3418 417
e 2230 1132 782
e 1132 1177 510
e 3807 3804 533
e 1183 924 147
e 2049 2784 733
e 2784 1318 636
e 2784 3783 138
e 2020 1771 491
e 2803 2358 380
e 3782 135 598
e 3782 1260 171
e 1260 1629 660
e 1629 3050 790
e 3050 1604 126
e 3050 3630 71
e 135 192 383
e 192 2296 562
e 2960 1019 839
e 2960 3845 902
e 1019 1090 689
e 1019 3470 137
e 3470 1989 121
e 1399 813 243
e 1399 870 38
e 2924 3107 145
e 2924 2457 291
e 2457 2741 654
e 2741 1567 150
e 2741 737 53
e 2741 775 968
e 775 2472 406
e 775 643 21
e 643 722 813
e 643 3422 101
e 3422 1279 606
e 3422 2884 994
e 3422 1795 39
e 1795 1248 537
e 1795 3628 687
e 1795 2432 794
e 2432 971 811
e 2432 2371 719
e 2371 1928 884
e 2371 1982 55
e 2371 594 623
e 594 3255 933
e 594 3519 184
e 594 1796 439
e 594 384 354
e 384 11 536
e 384 1040 893
e 1040 3476 761
e 1040 2622 719
e 2622 2213 964
e 2622 3735 968
e 2622 1425 757
e 1425 3486 707
e 3486 1339 331
e 1339 1631 232
e 1339 3593 676
e 1339 2637 933
e 2637 1307 298
e 2637 2174 72
e 2174 3935 993
e 2174 3799 599
e 3799 1962 764
e 3799 533 84
e 533 2563 831
e 533 233 515
e 233 2843 25
e 2843 2116 155
e 2843 324 991
e 324 522 974
e 324 3104 495
e 324 2319 232
e 2319 1112 843
e 2319 2566 976
e 2566 1214 260
e 2566 3147 888
e 3147 1533 757
e 1533 2638 406
e 1533 2331 715
e 2331 133 538
e 2331 2449 620
e 2449 3138 802
e 2449 1552 790
e 1552 205 197
e 1552 2605 132
e 1552 1571 377
e 1571 2624 692
e 2624 1940 368
e 2624 2834 413
e 2624 3122 372
e 3122 2717 129
e 3122 3533 664
e 3533 424 184
e 3533 3962 958
e 3533 2017 367
e 2017 849 587
e 849 3652 353
e 3652 2556 657
e 2556 572 558
e 572 1275 548
e 1275 1524 884
e 1275 2146 958
e 1275 63 729
e 63 3919 430
e 3919 3249 928
e 3919 1514 284
e 1514 1737 14
e 1514 3999 950
e 3999 3154 292
e 3154 2684 680
e 1737 1150 790
e 1150 784 947
e 1150 2455 619
e 2455 35 546
e 35 3948 736
e 3249 3994 699
e 1524 190 186
e 424 2882 656
e 2834 2249 447
e 2249 3914 635
e 3914 1663 109
e 1940 3511 407
e 2605 248 711
e 248 2545 521
e 2545 197 335
e 197 1430 134
e 197 1610 833
e 1610 118 353
e 1610 1930 483
e 1930 3119 639
e 1930 25 605
e 25 1164 959
e 25 3508 951
e 3508 3336 47
e 3336 3871 315
e 3871 1623 754
e 3871 355 892
e 355 1245 98
e 1245 2867 482
e 1245 3886 703
e 3886 2212 639
e 1623 1345 313
e 1623 1676 241
e 1676 1781 82
e 1676 1093 526
e 1676 1479 541
e 1676 3388 101
e 1479 534 213
e 1479 1073 959
e 1479 686 555
e 686 87 783
e 87 679 219
e 679 3188 746
e 1073 3060 430
e 1093 2378 99
e 1093 2941 129
e 3119 2177 155
e 2177 1034 362
e 2177 833 738
e 833 2286 109
e 833 2996 484
e 2286 1584 135
e 1034 2973 560
e 205 3220 626
e 133 3834 260
e 3834 1607 397
e 1607 1914 637
e 1214 1390 209
e 1214 1591 549
e 1112 1371 109
e 1112 3493 170
e 3493 1196 86
e 3493 3528 856
e 3528 2728 855
e 2728 3464 205
e 3464 3856 522
e 3856 486 522
e 486 3077 378
e 3077 444 828
e 3077 3252 422
e 3252 3890 777
e 3252 2411 423
e 2411 485 222
e 485 956 122
e 485 3644 399
e 485 1412 143
e 1412 1030 578
e 1030 727 439
e 727 89 195
e 89 3545 320
e 3545 2925 358
e 2925 1335 16
e 2925 3982 446
e 3982 2103 306
e 1335 1119 477
e 3644 993 364
e 3644 3906 973
e 3644 3865 498
e 3865 1439 187
e 3865 720 703
e 3865 2953 530
e 2953 1136 685
e 2953 2147 45
e 2953 3001 16
e 2953 3538 131
e 3538 1414 676
e 3538 3669 974
e 3538 1616 874
e 1616 962 73
e 962 714 326
e 714 3075 764
e 3075 1504 33
e 3075 1967 95
e 3075 310 705
e 3075 3946 655
e 310 503 38
e 503 1733 448
e 1733 1416 68
e 1416 1469 956
e 1416 2221 336
e 1416 3749 698
e 3749 1204 602
e 3749 3653 151
e 3653 1184 424
e 1184 44 620
e 1184 912 920
e 1184 1932 757
e 2221 1492 749
e 1967 1334 477
e 1967 3475 783
e 3475 977 923
e 977 3267 624
e 3267 664 242
e 664 432 970
e 432 2936 905
e 2936 3482 207
e 3482 3717 326
e 2147 1474 181
e 1474 69 962
e 69 1742 60
e 720 1201 537
e 1201 3139 392
e 3139 1185 944
e 3139 1091 425
e 1091 1554 802
e 1091 1942 501
e 1091 261 773
e 261 2709 213
e 261 2866 562
e 1942 615 904
e 1942 1730 853
e 3890 712 895
e 3890 1284 54
e 1284 2019 789
e 2019 3549 148
e 444 1871 441
e 1871 671 938
e 671 1634 163
e 1196 3608 563
e 1371 1638 449
e 1638 3315 766
e 522 2650 886
e 2563 3059 849
e 3059 3607 785
e 3059 3984 587
e 3984 3436 617
e 3436 349 58
e 3436 1436 866
e 3436 1461 473
e 3436 1975 962
e 3607 1759 299
e 1962 1029 553
e 3935 1158 943
e 3935 391 393
e 391 3435 566
e 391 2135 558
e 2135 2015 277
e 2015 2838 578
e 2015 2806 133
e 2806 3514 313
e 3514 3636 122
e 2838 3127 956
e 3127 2612 15
e 1307 822 324
e 1631 2008 128
e 1631 3331 616
e 3735 1222 501
e 1222 829 809
e 1222 1458 312
e 2213 1025 553
e 1025 902 257
e 902 832 891
e 832 1782 534
e 832 2171 774
e 2171 1095 693
e 2171 2268 974
e 3476 907 986
e 11 3143 320
e 3143 782 19
e 1796 513 815
e 513 3477 676
e 513 2760 689
e 2760 1892 339
e 2760 3300 210
e 2760 2538 145
e 2538 326 581
e 326 1211 340
e 1211 2786 557
e 1211 3745 748
e 1211 3926 564
e 3745 1545 731
e 3745 3057 577
e 1545 153 608
e 2786 456 539
e 456 2053 149
e 456 2379 350
e 2053 2372 204
e 3300 1574 549
e 3477 976 229
e 3477 1042 612
e 1042 3808 455
e 976 2766 450
e 1982 2977 25
e 3628 840 428
e 3628 14 415
e 14 36 409
e 36 1372 208
e 36 1801 673
e 36 3479 165
e 3479 2529 993
e 2529 3137 320
e 3137 1983 778
e 1983 3379 465
e 1983 3727 751
e 3727 2226 161
e 3727 3837 356
e 3837 1077 509
e 3837 2209 512
e 1077 319 710
e 3379 2353 290
e 1801 2104 44
e 1801 3631 294
e 3631 1754 245
e 1754 1511 750
e 840 882 490
e 882 2445 11
e 722 814 854
e 722 2863 443
e 2863 471 810
e 2863 2380 893
e 2863 628 376
e 628 301 495
e 628 1786 17
e 1786 2328 226
e 2328 3178 709
e 3178 3438 337
e 3178 2336 134
e 3178 788 565
e 788 2307 148
e 788 3702 188
e 3702 2797 14
e 2797 460 520
e 2797 1103 381
e 1103 2402 984
e 1103 680 523
e 680 2244 323
e 2244 2197 270
e 2197 885 33
e 2197 2945 619
e 2197 1644 600
e 2197 3238 229
e 2197 3582 812
e 3582 1349 380
e 3582 1904 934
e 3582 268 950
e 3582 774 316
e 774 1670 509
e 774 327 636
e 774 2028 251
e 2028 2743 309
e 2028 3454 20
e 3454 2406 959
e 2406 888 782
e 2406 366 701
e 366 3784 55
e 366 3797 473
e 3797 3210 99
e 3797 3949 629
e 3949 524 513
e 3949 3934 621
e 3934 450 910
e 3934 255 495
e 3934 2537 852
e 2537 2367 797
e 2367 889 19
e 889 874 504
e 874 2142 870
e 874 2921 49
e 2921 1673 649
e 1673 1858 266
e 1673 2796 365
e 1673 3960 759
e 3960 894 944
e 3960 3854 278
e 3854 757 973
e 3854 3609 642
e 3609 3126 372
e 3609 3391 365
e 3609 441 381
e 441 1170 76
e 1170 3386 971
e 1170 3958 301
e 3958 3552 241
e 3958 3129 927
e 3958 856 624
e 856 3230 152
e 856 3458 175
e 3458 1529 520
e 1529 1246 909
e 1529 1369 892
e 1369 2922 437
e 2922 1459 965
e 2922 2161 631
e 2922 1208 334
e 1208 86 727
e 86 3298 834
e 3298 876 107
e 876 3704 219
e 876 1303 636
e 1303 1654 503
e 1303 2536 281
e 2536 1358 123
e 2536 2446 285
e 2446 282 173
e 282 1066 515
e 282 2185 422
e 282 2585 777
e 2585 1205 168
e 1205 583 522
e 583 2223 885
e 583 1862 142
e 583 1037 626
e 1037 3995 629
e 3995 2917 336
e 1862 3650 415
e 3650 2465 136
e 3650 1510 632
e 1510 905 961
e 1510 1058 88
e 1510 1499 286
e 1499 461 609
e 1499 1324 554
e 1324 1236 761
e 1324 3621 72
e 1324 1916 981
e 1916 3554 70
e 1916 1963 748
e 1916 831 500
e 831 2847 800
e 831 1456 336
e 1456 2166 193
e 1456 1393 463
e 1393 1172 48
e 1172 2473 57
e 2473 2829 194
e 2473 848 689
e 2473 1509 519
e 1509 1888 690
e 1509 1710 157
e 1710 2725 619
e 2725 2440 423
e 2440 298 106
e 298 3620 980
e 3620 1235 973
e 1235 3233 621
e 1235 2906 115
e 2906 1542 258
e 1542 950 519
e 1542 381 312
e 381 1936 707
e 1936 2790 473
e 1936 412 391
e 1936 1427 87
e 1427 734 949
e 734 3005 865
e 734 523 771
e 523 3312 310
e 523 3868 620
e 3868 940 51
e 3868 922 381
e 3868 3853 718
e 3868 32 912
e 32 3820 908
e 32 411 170
e 411 3599 387
e 3599 3575 661
e 3599 1727 752
e 1727 1319 439
e 1727 1919 385
e 1727 13 39
e 13 2011 939
e 13 3366 338
e 13 3657 129
e 13 3913 348
e 3913 3889 111
e 3889 2534 600
e 3889 59 696
e 59 280 279
e 59 1959 149
e 59 3963 542
e 59 2382 58
e 2382 2322 679
e 2382 2514 457
e 2514 3736 63
e 2514 421 859
e 421 1341 252
e 421 1485 189
e 1485 994 903
e 1485 2337 153
e 1485 973 797
e 1485 3173 97
e 3173 1269 862
e 3173 2201 24
e 2201 3030 630
e 2201 1089 84
e 2201 3910 996
e 3910 3543 376
e 3543 1803 960
e 1803 3314 84
e 1803 1344 910
e 1803 1627 939
e 1627 1581 766
e 1627 1356 829
e 1356 1059 220
e 1356 878 25
e 878 275 466
e 275 3437 682
e 275 2705 258
e 2705 3571 668
e 3571 3527 718
e 3527 1198 655
e 3527 1411 805
e 1411 674 744
e 1411 1518 870
e 1518 1448 624
e 1518 1639 700
e 1518 2334 652
e 2334 732 129
e 732 3048 150
e 732 1481 254
e 732 624 64
e 624 616 856
e 624 2491 645
e 624 1662 41
e 1662 3246 792
e 1662 2896 836
e 2896 2113 585
e 2113 2911 293
e 2113 3816 613
e 2113 3540 563
e 3540 1966 637
e 1966 2152 670
e 1966 3828 851
e 3828 2609 190
e 3828 1960 185
e 1960 2540 365
e 2540 750 964
e 2540 1160 412
e 1160 481 296
e 1160 797 490
e 1160 3110 710
e 3110 2655 12
e 2655 1332 722
e 2655 388 87
e 2655 3898 348
e 3898 311 293
e 3898 2050 830
e 2050 716 183
e 2050 1875 863
e 1875 3092 943
e 1875 2770 16
e 1875 423 976
e 423 2616 961
e 2616 600 360
e 2616 3668 683
e 2616 253 194
e 253 2978 153
e 253 3678 925
e 3678 2658 85
e 2658 1365 419
e 2658 2394 127
e 2658 3406 200
e 3406 2901 695
e 3406 3227 748
e 3406 1028 250
e 3406 3015 594
e 3015 542 942
e 542 1186 337
e 542 3986 885
e 3986 2261 188
e 3986 3286 25
e 3286 2040 958
e 3286 329 393
e 329 1817 81
e 329 2634 944
e 2634 760 218
e 760 2093 374
e 760 3640 874
e 2093 1046 369
e 1817 365 86
e 1817 3022 541
e 1817 3491 379
e 3491 1296 250
e 3022 566 518
e 3022 3156 806
e 3156 1047 268
e 3156 1195 721
e 1047 1188 893
e 566 3101 210
e 3101 1442 466
e 3101 665 626
e 665 2295 466
e 1442 1608 824
e 365 2544 625
e 2040 1278 665
e 1028 681 481
e 1028 2219 889
e 1028 945 588
e 1028 3451 728
e 3451 3135 773
e 945 2546 801
e 2394 468 448
e 2978 1297 101
e 2978 1317 264
e 1317 3760 113
e 1297 1408 306
e 1408 1105 416
e 2770 1007 826
e 1007 3266 212
e 3266 934 896
e 3266 1700 539
e 1700 713 94
e 713 491 736
e 491 2131 402
e 491 3601 360
e 491 1048 923
e 1048 529 225
e 1048 694 883
e 694 2937 649
e 694 1775 917
e 1775 1947 483
e 1947 60 950
e 1947 3747 896
e 1947 107 155
e 107 1643 66
e 107 1647 349
e 1647 3786 891
e 1647 1197 452
e 1197 693 123
e 693 1417 328
e 693 3664 596
e 693 3953 894
e 3953 1735 791
e 3953 1753 702
e 1753 733 146
e 1753 1815 302
e 1815 185 699
e 1815 3907 574
e 733 597 824
e 1417 875 641
e 875 2951 112
e 3786 1943 555
e 1943 2450 303
e 2450 724 745
e 2450 2557 167
e 60 178 362
e 60 249 710
e 529 603 142
e 603 2736 458
e 934 1039 361
e 934 1915 512
e 1915 1537 926
e 1915 3586 411
e 1915 3875 53
e 3586 1375 677
e 3586 200 50
e 200 1506 612
e 200 2807 949
e 1537 433 499
e 3092 3731 646
e 3731 1501 188
e 1501 1968 60
e 388 3560 280
e 797 3529 78
e 3529 2451 316
e 2451 2208 644
e 2451 3972 52
e 3972 85 575
e 3972 3777 820
e 3777 315 92
e 315 1120 64
e 315 3206 797
e 315 3492 218
e 1120 984 797
e 1120 998 752
e 481 3720 14
e 3720 2275 362
e 2275 527 481
e 2275 1460 147
e 2275 3626 571
e 750 404 824
e 404 387 309
e 404 2417 593
e 387 354 848
e 354 1017 982
e 1017 383 204
e 1017 1766 730
e 1017 2327 917
e 2327 1174 803
e 1174 194 884
e 2609 2433 685
e 2152 415 610
e 2152 736 153
e 2152 2523 288
e 2152 277 206
e 277 1949 878
e 1949 3930 621
e 2523 2851 458
e 2523 3912 991
e 3912 142 238
e 142 3681 643
e 2851 1674 638
e 736 1167 513
e 736 3835 382
e 2911 1697 910
e 3246 2405 280
e 2405 3693 650
e 3693 881 983
e 881 968 575
e 968 399 722
e 968 3490 514
e 968 3976 39
e 3976 1309 285
e 3976 3699 146
e 3976 2876 519
e 2876 1011 708
e 2876 2549 596
e 2876 3774 334
e 3774 238 693
e 3774 2657 23
e 2657 2582 450
e 2582 844 831
e 844 3409 322
e 3409 592 273
e 238 2172 223
e 2172 209 362
e 1309 1128 410
e 399 2720 349
e 2720 2310 778
e 1481 1465 240
e 1481 3311 30
e 1481 536 909
e 536 1088 530
e 536 459 382
e 536 2552 898
e 536 3294 481
e 3294 2860 131
e 2860 3595 50
e 2552 2548 442
e 2552 497 781
e 497 692 843
e 692 406 311
e 406 2891 949
e 2891 504 379
e 459 1709 654
e 3048 2986 40
e 2986 1972 869
e 1972 480 646
e 1972 498 503
e 1972 1137 407
e 1972 2341 67
e 1198 2464 126
e 2464 201 700
e 2464 944 826
e 2464 2905 594
e 3437 2560 616
e 1581 3769 592
e 3769 1564 522
e 1564 1717 301
e 1717 3229 749
e 1717 3639 858
e 3229 2878 265
e 1344 1244 505
e 1344 2729 195
e 1344 3105 326
e 3105 3812 884
e 3812 1212 70
e 2729 2918 270
e 2918 2407 745
e 3314 3478 961
e 3478 612 137
e 3478 948 325
e 1089 3655 613
e 1089 3142 117
e 3142 176 398
e 3142 2442 506
e 3142 2314 426
e 2314 2281 330
e 2314 3501 713
e 2314 3307 702
e 3307 3770 110
e 3770 2134 118
e 2134 2351 913
e 3501 339 709
e 3501 2479 561
e 2442 1761 274
e 2442 2971 710
e 2971 3321 143
e 1761 960 308
e 960 1272 582
e 1272 1133 375
e 973 884 60
e 973 3452 486
e 2322 2630 42
e 3963 3841 942
e 3841 638 110
e 638 1238 961
e 1238 2329 59
e 1238 3548 177
e 3548 762 542
e 2329 1952 197
e 1952 3170 491
e 3170 3082 465
e 3082 2010 297
e 2010 122 57
e 2010 2077 203
e 1959 2045 169
e 1959 2468 455
e 2468 1633 547
e 2468 2938 124
e 2468 3036 692
e 2468 3819 83
e 3819 795 605
e 3819 3447 152
e 3447 758 267
e 758 369 946
e 369 208 736
e 369 745 108
e 369 109 405
e 369 3019 64
e 3019 880 429
e 3019 2751 738
e 2751 3145 851
e 3145 1121 526
e 1121 696 284
e 696 250 112
e 696 843 757
e 843 2194 75
e 2194 3659 231
e 3659 1855 96
e 1855 514 675
e 514 553 595
e 514 2739 523
e 514 2824 965
e 109 1387 779
e 1387 276 698
e 1387 2345 774
e 1387 2600 151
e 2600 1400 677
e 2600 3117 215
e 2938 772 294
e 280 6 393
e 6 3590 93
e 2534 396 383
e 2534 1767 273
e 1767 3370 872
e 3370 502 314
e 3370 1780 845
e 1780 1599 245
e 1780 3016 177
e 3016 2225 214
e 3016 157 477
e 157 448 335
e 448 3670 881
e 448 3925 78
e 3925 1903 756
e 1903 1285 558
e 1903 3431 895
e 1285 1366 77
e 2225 3271 259
e 3271 2872 103
e 502 1012 690
e 1012 50 778
e 50 1374 33
e 50 1923 373
e 50 1360 931
e 50 1289 459
e 1289 3419 381
e 3419 1687 889
e 3419 1283 679
e 1283 1819 501
e 1283 3242 890
e 1283 321 432
e 321 598 680
e 321 492 845
e 492 3892 889
e 3892 1800 534
e 3892 3040 822
e 3892 2217 456
e 2217 3116 552
e 3116 3278 316
e 3040 506 404
e 3040 1097 584
e 598 1665 514
e 598 159 524
e 159 1544 343
e 159 1361 521
e 1361 286 743
e 1361 1486 664
e 1361 3625 244
e 1486 2636 558
e 2636 1779 13
e 1779 137 303
e 1544 1692 888
e 3242 2083 676
e 2083 2064 720
e 1819 1706 226
e 1706 43 436
e 1706 3063 72
e 1360 3276 259
e 1923 54 704
e 54 619 887
e 619 1827 180
e 1374 34 269
e 34 1257 914
e 34 1477 239
e 396 3788 841
e 396 3432 554
e 3432 1484 428
e 3432 2527 99
e 2527 3244 644
e 2527 2963 661
e 2963 3375 205
e 3375 653 126
e 3375 2689 100
e 3375 1813 237
e 1813 703 511
e 1813 2069 155
e 1813 2168 350
e 2168 3775 491
e 2168 3133 320
e 3133 3908 692
e 3908 516 977
e 516 2781 721
e 2781 3325 454
e 3325 1549 608
e 3325 3461 501
e 3461 783 177
e 3461 837 238
e 837 2699 21
e 2699 1410 410
e 2699 3174 954
e 3174 3536 559
e 3174 2693 634
e 2693 2117 457
e 2693 2349 85
e 2693 1438 572
e 1438 3677 353
e 3677 3826 561
e 3826 550 738
e 3826 1262 580
e 1262 379 169
e 379 1918 347
e 2349 3257 637
e 3257 322 828
e 2117 2095 63
e 3536 1806 523
e 3536 786 48
e 786 169 814
e 169 1528 823
e 1528 3053 764
e 3053 2714 761
e 1806 2691 423
e 783 1614 671
e 1549 2942 446
e 3244 3902 632
e 3902 707 430
e 1484 1808 584
e 3788 2461 895
e 3657 2801 956
e 2801 3318 995
e 2801 3632 938
e 3632 3762 370
e 3632 3772 101
e 3318 2186 131
e 3575 1791 328
e 3575 3649 873
e 3820 2410 311
e 922 2487 366
e 2487 1131 984
e 2487 1490 947
e 1490 3730 223
e 3730 3551 337
e 3551 1811 983
e 1811 385 928
e 3312 3453 805
e 3453 1822 975
e 1822 2318 387
e 1822 2562 712
e 1822 2460 371
e 2460 259 409
e 2460 595 641
e 2460 2330 27
e 2460 1788 838
e 1788 1731 934
e 1731 221 242
e 221 3790 158
e 3790 1707 62
e 1707 3867 278
e 3867 247 719
e 2330 1404 88
e 1404 672 217
e 1404 2332 629
e 1404 2179 419
e 2179 1513 318
e 2179 2456 914
e 2179 2888 515
e 2456 2080 390
e 1513 995 976
e 2562 3275 863
e 2318 307 749
e 2318 978 900
e 2318 2068 883
e 3005 2822 13
e 3005 3426 761
e 3426 3862 925
e 3862 2090 198
e 3862 3873 250
e 3873 2515 499
e 3873 3970 60
e 3970 214 712
e 214 2257 601
e 214 1173 520
e 1173 2087 491
e 1173 1669 593
e 1669 2645 782
e 1669 785 283
e 1669 3522 771
e 785 1156 925
e 785 738 295
e 785 46 750
e 46 3044 165
e 3044 2528 743
e 738 1491 155
e 2645 422 334
e 2645 2206 503
e 2087 2831 890
e 2515 2517 963
e 2517 202 434
e 2517 1522 708
e 2517 1575 839
e 2517 3940 361
e 1575 2195 570
e 1575 3027 847
e 1575 593 918
e 1575 1094 673
e 1094 3850 790
e 3850 1376 843
e 1376 2374 270
e 2374 751 205
e 2374 1678 19
e 751 1086 468
e 593 1648 654
e 1648 2805 386
e 1648 2893 380
e 2893 1653 12
e 2893 789 95
e 789 1558 42
e 1558 3043 164
e 1558 3369 809
e 3369 113 421
e 3369 2118 973
e 2118 3185 714
e 3185 3771 650
e 1653 955 329
e 955 2887 528
e 955 530 515
e 530 350 208
e 530 2773 639
e 2773 2628 197
e 2773 2603 224
e 2603 42 867
e 2603 3647 921
e 3647 39 601
e 39 1179 426
e 42 2498 843
e 350 2502 432
e 2502 1437 355
e 2805 535 597
e 535 1079 686
e 2090 1841 515
e 1841 370 211
e 1841 3065 326
e 3065 464 897
e 3065 805 440
e 805 3596 122
e 412 2373 245
e 2373 1611 285
e 2373 3182 337
e 3182 3622 995
e 3622 677 919
e 3622 552 228
e 552 3367 859
e 3367 267 43
e 3367 3938 128
e 677 3330 615
e 1611 3360 959
e 2790 1054 700
e 3233 3405 532
e 3405 49 405
e 3405 2610 458
e 3405 3481 581
e 3481 426 639
e 3481 1559 961
e 1559 3684 801
e 1559 1085 73
e 1085 824 705
e 1085 2418 772
e 1085 3157 936
e 1085 1615 779
e 1615 2262 778
e 1615 2100 110
e 2100 96 326
e 2100 3263 884
e 2100 3446 87
e 3446 3591 744
e 3591 1255 109
e 3591 3455 907
e 3455 771 154
e 3455 2982 917
e 2982 2005 857
e 2005 2252 32
e 2005 904 226
e 2005 1282 289
e 1282 241 975
e 1282 1026 431
e 1026 94 304
e 94 500 521
e 500 2768 450
e 2768 2710 866
e 2710 3726 835
e 3726 1423 541
e 3726 3967 28
e 3967 3362 402
e 3967 1352 901
e 1352 510 499
e 1352 2763 191
e 2763 3219 345
e 2763 3885 84
e 3885 1163 207
e 3885 3392 458
e 3885 3003 304
e 3003 3589 87
e 3589 2046 87
e 2046 53 324
e 53 3124 237
e 3219 723 231
e 723 1734 327
e 1734 1864 400
e 1734 706 256
e 706 3385 453
e 3385 3218 392
e 3218 1151 762
e 3218 2178 556
e 3218 892 53
e 3218 3534 450
e 892 2366 973
e 1864 438 331
e 3362 2292 111
e 241 467 525
e 904 2470 259
e 2470 3849 294
e 2252 1152 467
e 771 2532 540
e 1255 3719 959
e 1255 3891 979
e 3891 3121 303
e 3121 1313 180
e 1313 893 569
e 1313 3516 506
e 3516 588 210
e 588 2756 793
e 2756 2904 730
e 2756 2939 272
e 2756 2947 322
e 2939 544 522
e 2904 38 240
e 893 1500 78
e 1500 1955 671
e 1500 2820 614
e 1955 1405 55
e 1405 1327 664
e 2262 2696 501
e 2696 2391 55
e 2391 999 163
e 999 1798 621
e 824 82 703
e 824 439 293
e 439 568 982
e 3684 3497 110
e 3497 1626 613
e 1626 618 597
e 1626 3806 675
e 1626 708 618
e 708 2753 813
e 2753 3864 538
e 3864 1478 835
e 1478 1851 84
e 1478 3539 255
e 3539 1686 55
e 3539 1666 623
e 1666 148 955
e 148 2989 417
e 148 3494 331
e 2989 1758 21
e 1758 2033 111
e 1758 2524 662
e 1851 2265 109
e 3806 3184 719
e 426 1520 928
e 1520 1115 222
e 1115 1426 965
e 1115 839 319
e 1115 3209 282
e 1115 2427 206
e 2427 1202 530
e 2427 3947 530
e 3947 715 464
e 3947 1209 729
e 1202 3468 778
e 3468 278 889
e 3468 443 123
e 3209 340 83
e 3209 1824 940
e 3209 3802 544
e 340 425 313
e 425 675 416
e 839 2481 116
e 1426 1250 738
e 1888 218 424
e 848 865 268
e 865 2772 703
e 2772 2707 931
e 2772 2713 47
e 2772 483 936
e 2772 1831 478
e 1831 1385 18
e 1831 3933 951
e 483 2956 176
e 2956 3058 845
e 3058 2070 734
e 2166 2765 870
e 2166 1116 88
e 2166 2604 353
e 2604 2115 667
e 2604 2364 639
e 2364 3924 825
e 2115 3546 307
e 1116 3032 103
e 1116 1769 342
e 1769 3660 517
e 3032 2656 736
e 3032 117 81
e 117 1556 246
e 1556 3597 511
e 3597 71 912
e 71 2289 789
e 2656 1265 22
e 2656 860 500
e 860 428 682
e 428 2701 862
e 428 2946 833
e 2946 661 658
e 2946 689 416
e 2946 3335 418
e 2701 3194 855
e 1265 3061 658
e 2765 2902 768
e 2902 223 778
e 223 846 889
e 846 2338 109
e 2847 2256 66
e 1963 1217 58
e 1963 3439 858
e 3439 1920 293
e 1920 168 691
e 1920 1883 196
e 1883 2895 886
e 2895 2568 498
e 2895 3304 11
e 2895 954 854
e 954 402 991
e 954 2764 699
e 954 3838 938
e 3838 1596 611
e 3838 2304 894
e 1596 1384 968
e 2764 1382 438
e 1382 1502 759
e 1502 1637 412
e 1502 1750 931
e 1502 2845 574
e 2845 3164 712
e 3164 3748 530
e 3748 309 875
e 309 673 660
e 309 3149 146
e 1750 2335 520
e 2335 1364 819
e 3304 7 559
e 3304 2584 656
e 2584 3025 818
e 3025 2105 247
e 3025 1977 445
e 1977 2435 630
e 1977 3064 178
e 1977 1475 735
e 1475 3766 661
e 3766 3029 62
e 2105 2483 888
e 2483 1018 39
e 168 2356 825
e 2356 172 905
e 172 779 302
e 3554 1814 41
e 1814 2003 29
e 2003 3 789
e 2003 918 775
e 461 1340 712
e 461 3915 47
e 3915 1622 536
e 1622 2246 95
e 1622 3151 786
e 1622 1681 945
e 1681 3339 161
e 1681 2641 935
e 2641 1718 340
e 2641 3498 957
e 3498 669 586
e 3498 2298 392
e 3498 3187 623
e 3498 3916 604
e 3187 1281 694
e 1281 1325 454
e 1281 2733 569
e 1281 3285 294
e 2733 2357 813
e 1325 2264 125
e 2298 648 76
e 2298 2395 558
e 2395 410 178
e 2395 1415 525
e 2395 1991 886
e 1991 160 324
e 160 2646 417
e 2646 3087 546
e 3087 2821 471
e 1718 1055 515
e 1055 3815 68
e 3151 2742 166
e 2465 3228 920
e 3228 3100 162
e 3100 1363 704
e 2185 781 829
e 1066 99 884
e 1358 3739 586
e 3739 2617 154
e 2617 986 482
e 2617 3221 98
e 986 1240 963
e 1246 2798 35
e 1246 3343 838
e 3343 3062 891
e 3343 3708 176
e 3062 2928 666
e 2798 1051 65
e 1051 373 115
e 3129 3322 981
e 3129 1130 67
e 1130 3099 863
e 3099 79 75
e 3099 3840 223
e 3552 2975 507
e 3386 1181 89
e 3386 3648 953
e 3648 966 886
e 966 1521 222
e 966 1082 208
e 1082 3847 363
e 3847 2606 685
e 2606 181 318
e 181 3973 865
e 1181 1259 140
e 1181 3922 62
e 3922 2184 880
e 1259 2653 705
e 1259 3903 24
e 3903 271 494
e 3903 161 447
e 3903 1702 118
e 1702 3313 904
e 1702 3773 221
e 3773 1863 154
e 161 1682 63
e 161 3056 528
e 2653 3364 824
e 2653 2814 143
e 2653 1830 592
e 1830 543 758
e 1830 2431 362
e 1830 1114 333
e 1114 476 155
e 1114 3809 284
e 1114 306 222
e 306 3113 632
e 3113 3108 667
e 3108 2997 409
e 3108 1909 689
e 1909 2127 536
e 1909 440 529
e 440 2965 419
e 440 67 813
e 67 1995 658
e 67 3857 38
e 3857 1386 608
e 1386 2919 712
e 1386 3565 270
e 3565 1677 634
e 1677 1660 413
e 1660 655 502
e 1995 24 951
e 1995 2032 727
e 2032 2110 772
e 2110 1825 616
e 2110 2163 966
e 2127 1016 529
e 2127 484 265
e 2127 1987 599
e 2127 2923 904
e 484 963 590
e 484 791 346
e 791 1149 929
e 1149 1973 523
e 3809 3758 233
e 3758 1869 872
e 3758 1432 577
e 1432 746 757
e 1432 980 845
e 980 933 483
e 980 1657 729
e 1657 3465 303
e 1869 1064 341
e 1064 2782 161
e 2782 224 886
e 476 2726 650
e 543 257 152
e 2814 3073 129
e 2814 2250 526
e 2250 3471 402
e 3073 2054 892
e 3364 1074 61
e 3391 2024 298
e 2024 2088 239
e 757 596 744
e 894 2787 796
e 2787 3985 234
e 2142 1171 719
e 1171 346 592
e 346 891 183
e 346 3402 547
e 346 3332 413
e 3332 156 163
e 156 2267 378
e 156 1694 268
e 1694 2889 229
e 2889 1451 872
e 2889 1221 473
e 1221 129 370
e 1221 1454 243
e 1221 2025 904
e 2025 2626 287
e 2025 3414 744
e 3414 1603 112
e 1603 3012 93
e 3012 2692 428
e 3012 419 608
e 419 3884 605
e 419 3981 537
e 419 2723 319
e 2723 731 838
e 2723 868 558
e 2723 1224 322
e 1224 1441 835
e 1224 2948 585
e 1224 3989 40
e 3989 1887 675
e 3989 3695 656
e 3695 2774 233
e 868 1635 733
e 868 636 552
e 636 744 81
e 636 2170 799
e 2170 2783 146
e 2783 1525 64
e 1525 2979 310
e 1635 291 348
e 291 559 946
e 291 958 622
e 731 610 570
e 731 855 570
e 855 442 633
e 442 207 142
e 3981 1908 267
e 2626 3320 581
e 2626 3023 812
e 3023 302 760
e 302 1837 457
e 302 1482 739
e 302 3629 758
e 302 2251 442
e 2251 390 388
e 390 1691 499
e 390 470 701
e 470 3904 426
e 3904 773 877
e 773 3870 125
e 773 3308 512
e 3308 65 730
e 3308 1553 209
e 1553 1807 636
e 1553 3355 11
e 3355 3214 331
e 3214 3635 132
e 3214 3975 791
e 3975 979 361
e 3975 1910 703
e 3975 1804 687
e 1804 3404 102
e 1910 2826 114
e 1910 2914 926
e 3635 2642 387
e 2642 2200 308
e 2200 1680 945
e 65 1948 303
e 1948 2792 81
e 3629 1897 934
e 1897 2731 327
e 1897 3520 492
e 3520 462 279
e 1482 3573 402
e 3573 1419 395
e 1419 2036 520
e 2036 1161 138
e 2267 1237 770
e 3402 68 878
e 3402 177 100
e 177 2000 831
e 177 3128 207
e 177 3968 268
e 3128 180 989
e 3128 3070 717
e 3070 651 591
e 3070 1497 715
e 3070 2202 760
e 3070 1443 528
e 3070 3161 433
e 3161 2469 598
e 3161 649 840
e 3161 3954 198
e 3954 1630 18
e 1630 642 106
e 649 1169 324
e 1169 2873 133
e 2873 2271 586
e 1443 3764 963
e 3764 2553 789
e 2202 2132 254
e 180 890 360
e 180 1969 643
e 180 3222 899
e 3222 3264 971
e 1969 2993 435
e 2993 1793 390
e 2000 2846 37
e 2000 2541 182
e 2541 2715 565
e 2715 3757 134
e 2846 1944 805
e 1944 1106 563
e 68 3033 990
e 68 3189 564
e 3189 2816 208
e 3189 2227 54
e 2227 145 686
e 145 1612 360
e 145 2813 867
e 145 3109 734
e 255 3624 528
e 3624 620 692
e 3624 1215 655
e 1215 3093 147
e 3093 1980 596
e 3093 2203 23
e 2203 3663 461
e 3663 3556 564
e 3556 1587 509
e 1587 3645 273
e 1587 923 148
e 923 1023 834
e 923 3675 922
e 3675 3911 711
e 1980 2569 115
e 524 10 289
e 10 1242 484
e 888 1689 326
e 327 2463 307
e 268 348 821
e 268 2183 408
e 2183 3086 891
e 3086 1407 916
e 3086 607 853
e 607 292 402
e 607 3897 797
e 3897 2886 100
e 2886 3824 355
e 2886 2727 448
e 2727 3480 821
e 2727 586 889
e 586 2730 115
e 2730 1865 551
e 1865 3616 358
e 1865 336 635
e 336 1538 753
e 336 2485 941
e 336 2462 525
e 336 920 505
e 920 3329 974
e 920 3248 132
e 920 27 905
e 27 1453 562
e 27 114 997
e 27 1688 711
e 1688 752 851
e 752 3587 233
e 752 3979 304
e 3979 15 385
e 3979 1536 832
e 15 1531 392
e 3587 990 590
e 990 1821 655
e 990 2506 105
e 1821 961 126
e 114 3687 496
e 1453 167 424
e 167 2004 250
e 167 3111 209
e 3248 1749 347
e 3248 1241 47
e 1241 2987 38
e 2987 1310 458
e 2987 1024 806
e 1024 244 179
e 244 73 958
e 73 567 46
e 73 3417 100
e 3417 1247 391
e 3417 3893 780
e 3893 2420 308
e 2420 2644 137
e 2420 3215 139
e 3215 3226 942
e 3226 3028 348
e 3226 3978 210
e 3028 3327 238
e 3327 2840 791
e 3327 3430 531
e 3430 3674 788
e 3430 3202 848
e 3202 3076 390
e 3202 3114 69
e 3202 299 752
e 299 1873 374
e 1873 2429 861
e 2429 841 751
e 2429 1135 100
e 1135 850 923
e 850 9 856
e 850 1561 314
e 850 3801 104
e 850 3860 847
e 3860 685 609
e 685 2908 184
e 685 3372 72
e 3372 2156 678
e 2156 446 224
e 2156 1409 499
e 2156 2810 50
e 2810 2910 907
e 2910 2880 805
e 2910 2107 285
e 2910 3345 462
e 3345 3353 119
e 3345 3290 123
e 3290 3195 176
e 3290 3253 866
e 3253 580 32
e 3253 1143 698
e 3253 2832 187
e 2832 2708 937
e 2832 3743 518
e 3743 602 184
e 602 684 261
e 602 1882 632
e 602 2855 619
e 2855 1867 117
e 2855 3792 516
e 2855 3457 548
e 3457 281 941
e 3457 2827 364
e 2827 418 632
e 418 3066 833
e 3066 1741 643
e 3066 2704 966
e 2704 1302 37
e 1302 2632 797
e 2632 449 430
e 449 2591 19
e 2591 3941 939
e 3941 1403 674
e 3941 3971 684
e 3971 869 37
e 3971 66 679
e 66 3337 654
e 1403 2383 101
e 2383 3604 174
e 3604 688 134
e 3604 3936 628
e 3936 1353 948
e 1353 3396 693
e 688 1732 401
e 688 2308 596
e 688 452 101
e 452 3646 75
e 452 3532 616
e 3532 3683 25
e 3683 1961 223
e 3683 3201 616
e 3201 629 589
e 629 1292 135
e 1292 3232 152
e 3646 3045 468
e 3646 3144 793
e 2308 3518 353
e 3518 555 536
e 3518 3324 999
e 3324 2687 282
e 2687 2480 306
e 2480 106 743
e 2480 1844 723
e 1844 2393 858
e 2393 1496 511
e 106 2085 464
e 2085 501 961
e 555 2625 57
e 1732 3203 224
e 3203 1720 779
e 281 974 636
e 281 3872 687
e 1867 3180 344
e 3180 92 959
e 3180 1953 770
e 1953 2970 320
e 1953 858 967
e 1953 344 771
e 344 3171 205
e 344 3515 866
e 3171 2578 365
e 2578 494 989
e 2578 988 172
e 858 3289 818
e 92 2055 610
e 3353 2850 408
e 2850 2424 950
e 2424 2490 339
e 2490 1671 879
e 2107 946 350
e 946 111 451
e 946 3373 123
e 3373 3613 312
e 111 2057 538
e 2880 3259 302
e 3259 768 813
e 3259 794 347
e 794 2859 410
e 794 702 593
e 702 2698 829
e 2698 3347 296
e 2698 3584 432
e 3584 76 975
e 3584 2875 647
e 2875 705 181
e 2875 3574 421
e 76 965 205
e 965 698 954
e 965 1254 796
e 3347 1123 947
e 2859 804 850
e 2859 1646 757
e 1646 515 74
e 1646 537 340
e 804 625 412
e 446 1306 791
e 3801 1595 83
e 1595 2494 386
e 1595 1397 931
e 1397 2029 90
e 2029 158 282
e 158 1602 872
e 158 3881 283
e 3881 3682 824
e 1602 316 644
e 1602 1902 593
e 1902 2448 521
e 2448 1999 414
e 2448 3605 495
e 3605 2173 625
e 3605 2235 481
e 3605 3798 505
e 3798 2635 570
e 2635 2780 442
e 2780 2198 144
e 2780 2811 148
e 2198 1981 128
e 1981 1650 862
e 1981 1636 698
e 1981 2188 670
e 2188 2144 542
e 2188 1447 49
e 1447 2732 573
e 2732 2007 892
e 2732 2593 473
e 1636 2099 517
e 2494 985 381
e 3114 2749 744
e 3114 3010 351
e 3010 3753 822
e 3753 1233 472
e 3753 2471 399
e 2471 1672 641
e 2471 1893 178
e 1893 1964 111
e 3076 3018 826
e 3076 1846 176
e 3076 3732 783
e 3732 463 738
e 3732 3175 97
e 3732 3348 847
e 3348 604 696
e 3348 2138 761
e 2138 368 783
e 1846 1642 758
e 1846 2119 851
e 1846 1251 394
e 1846 2643 117
e 2643 1100 139
e 1100 447 282
e 1100 761 38
e 761 337 234
e 761 3570 816
e 3570 1331 67
e 1331 548 311
e 1331 3239 701
e 337 561 677
e 561 193 284
e 561 581 29
e 581 3279 447
e 3279 1971 58
e 1971 2734 239
e 2734 477 274
e 477 3211 614
e 447 3448 447
e 3448 818 483
e 818 101 561
e 101 3408 230
e 3408 2930 12
e 3408 3295 315
e 3295 3559 167
e 3559 2926 664
e 2926 165 78
e 2926 3361 65
e 3361 2539 630
e 2930 815 164
e 2930 487 489
e 487 3376 488
e 1251 2399 442
e 2399 2504 537
e 2504 139 186
e 2504 347 576
e 347 1220 847
e 1220 2074 653
e 139 1809 223
e 3674 1056 982
e 2840 393 529
e 2644 975 634
e 2644 3213 282
e 1247 605 408
e 605 1850 711
e 1850 1206 221
e 567 2702 445
e 567 1690 451
e 1690 3020 612
e 1690 1965 84
e 1965 1598 54
e 1598 3637 846
e 1598 3410 475
e 3410 928 895
e 3410 320 702
e 3410 3957 395
e 3957 2618 938
e 2618 103 237
e 2618 2664 199
e 2664 263 383
e 263 2389 134
e 263 3425 714
e 2389 1234 79
e 2389 1311 124
e 320 2571 559
e 3637 2830 82
e 3020 332 839
e 2702 2123 644
e 3329 1921 482
e 2462 3096 419
e 1538 1134 273
e 1134 1714 860
e 1134 2387 303
e 3824 1314 999
e 3824 3067 655
e 3824 635 224
e 635 3547 352
e 3547 2214 593
e 2214 154 471
e 2214 682 170
e 682 1711 208
e 682 1462 596
e 1462 3009 756
e 3009 93 788
e 93 1081 479
e 93 1752 662
e 93 242 455
e 242 2972 251
e 242 3163 115
e 242 1071 549
e 1071 2384 673
e 2384 1316 811
e 2384 457 65
e 2384 1207 973
e 1207 3846 24
e 457 1155 844
e 1155 633 849
e 1155 3779 978
e 2972 1576 123
e 2972 1266 337
e 1266 98 632
e 98 2802 520
e 1081 1473 12
e 154 363 849
e 363 2903 891
e 363 1328 96
e 1328 175 852
e 1328 3689 884
e 3689 2870 647
e 3689 2500 939
e 3689 2844 664
e 2844 2434 438
e 2844 3696 890
e 3696 1092 867
e 1092 3460 196
e 2434 451 331
e 2500 3326 905
e 3326 3158 14
e 2870 1619 943
e 175 3389 146
e 3389 2210 728
e 292 2111 323
e 292 704 947
e 704 3585 781
e 348 2187 845
e 1904 2861 49
e 2861 830 706
e 830 1848 475
e 830 219 323
e 219 508 685
e 219 587 459
e 587 927 914
e 587 3440 544
e 3440 110 384
e 3440 2590 314
e 2590 341 491
e 2590 1755 14
e 1755 2421 256
e 1755 3270 549
e 1755 2835 967
e 2835 577 541
e 577 646 962
e 646 3923 234
e 3923 8 322
e 3923 3887 651
e 3887 3880 978
e 3880 2278 354
e 3270 3273 703
e 110 1833 346
e 927 2706 43
e 1848 2071 460
e 1848 3017 596
e 1848 3346 354
e 1848 3378 144
e 3017 926 549
e 3238 1787 176
e 1787 1651 235
e 1651 3459 178
e 3459 1144 933
e 1144 136 612
e 1144 2027 27
e 1144 3039 376
e 1144 3614 903
e 3614 84 662
e 84 1273 32
e 84 2414 995
e 2414 3098 368
e 2414 1745 953
e 1745 3638 44
e 1745 3869 593
e 3869 1368 180
e 1368 2988 131
e 2988 1698 981
e 3638 3715 945
e 3098 2488 444
e 2488 2898 908
e 2898 652 811
e 652 2248 450
e 2027 2283 122
e 1644 204 373
e 1644 273 626
e 1644 2018 480
e 2018 3247 438
e 3247 251 206
e 251 3162 826
e 3162 342 488
e 342 2788 252
e 342 3821 589
e 2788 235 997
e 2788 1060 994
e 1060 1560 254
e 1060 409 874
e 1060 2959 304
e 1060 3814 246
e 409 2062 983
e 2062 2141 328
e 235 1941 888
e 1941 140 845
e 140 472 264
e 2307 2439 527
e 2336 1527 1000
e 1527 126 766
e 126 1563 828
e 1563 728 814
e 1563 1784 595
e 1563 2079 145
e 1563 2475 80
e 2475 138 439
e 2475 2122 766
e 2122 3918 265
e 3918 2089 126
e 2079 265 594
e 265 871 611
e 3438 1507 463
e 301 2688 709
e 2688 2559 99
e 2559 895 184
e 2380 1725 487
e 2380 2767 763
e 2767 3945 216
e 1725 2683 895
e 2683 1330 994
e 471 3068 605
e 814 3921 726
e 3921 799 216
e 799 3106 802
e 799 3706 719
e 3706 3746 611
e 3746 294 554
e 294 2615 952
e 2615 1924 676
e 2615 48 814
e 48 1300 38
e 1300 1896 104
e 1896 1394 721
e 1896 1391 482
e 1391 3237 105
e 3237 1580 821
e 3237 3721 957
e 3237 2297 521
e 2297 637 837
e 637 1996 206
e 1996 2793 926
e 1996 3956 666
e 3956 3733 880
e 3733 3427 789
e 3427 573 873
e 3427 1178 870
e 1178 458 399
e 458 2583 353
e 2583 1069 97
e 1069 2232 780
e 1069 3049 797
e 1069 3977 862
e 3977 1231 515
e 1231 2817 473
e 2817 2150 475
e 2817 2293 830
e 2293 188 710
e 2293 1038 857
e 3049 3487 380
e 2793 1578 463
e 1578 2719 722
e 1578 3619 587
e 3619 414 822
e 414 3920 77
e 414 3927 502
e 3721 2254 227
e 2254 721 661
e 1580 2667 690
e 2667 256 10
e 256 687 520
e 1394 55 558
e 1924 1070 284
e 1924 1539 514
e 1539 1230 205
e 737 150 388
e 737 308 778
e 308 2670 719
e 308 3256 50
e 3256 838 562
e 150 1102 657
e 150 1457 796
e 1457 915 190
e 915 3241 872
e 170 1293 48
e 170 1605 60
e 1605 1929 709
e 1929 2981 919
e 1929 3780 663
e 2981 1418 635
e 1293 2273 334
e 3861 1159 594
e 1159 1267 553
e 1159 2305 150
e 1267 1487 521
e 1487 1326 495
e 3350 2422 559
e 3350 2466 969
e 2466 910 92
e 2466 546 647
e 546 1594 871
e 546 3352 384
e 1594 754 904
e 1594 2013 509
e 754 1348 190
e 3822 367 800
e 367 2815 100
e 2754 1656 543
e 2754 2162 989
e 1656 1398 600
e 3510 951 314
e 3510 2608 526
e 2608 3991 621
e 3991 335 946
e 3991 1661 963
e 951 1997 769
e 151 3240 960
e 151 3998 708
e 3240 3679 526
e 3679 921 759
e 3679 2101 638
e 2101 345 814
e 345 2968 159
e 345 949 905
e 949 2467 213
e 949 1117 421
e 1117 475 110
e 475 614 514
e 475 2985 802
e 475 776 553
e 475 2291 190
e 2291 817 857
e 2291 589 218
e 2291 3830 664
e 3830 3612 551
e 3830 3433 279
e 3433 825 403
e 825 539 786
e 825 2507 731
e 2507 2994 363
e 2994 3917 686
e 539 243 267
e 3612 173 793
e 173 78 541
e 78 2744 150
e 2744 899 375
e 2744 2654 668
e 2654 2505 473
e 2654 2570 918
e 2654 2883 805
e 2654 3744 837
e 2570 2776 875
e 2505 1534 155
e 589 2255 586
e 776 3042 150
e 3042 3344 553
e 3344 1856 161
e 1856 1751 366
e 1856 792 551
e 792 3641 190
e 3641 711 903
e 3641 1157 911
e 1751 272 523
e 272 1765 575
e 1765 942 317
e 2985 3483 297
e 2467 710 588
e 710 1226 320
e 2968 2686 422
e 57 474 649
e 57 143 979
e 143 455 310
e 143 1880 707
e 1880 1889 785
e 1880 1301 646
e 1880 2303 534
e 1880 3562 772
e 3562 3303 842
e 3303 1129 889
e 1129 3038 492
e 1129 1182 430
e 1182 2675 990
e 2675 683 975
e 2675 3901 762
e 2675 2652 178
e 2652 2280 370
e 2652 810 151
e 2652 3284 723
e 3284 353 202
e 3284 2294 838
e 2294 144 163
e 2294 935 339
e 2294 1917 107
e 1917 1606 364
e 1606 1346 62
e 1346 3951 453
e 3951 437 257
e 144 658 498
e 658 72 27
e 353 236 85
e 353 3823 861
e 810 199 616
e 810 2915 527
e 810 3080 689
e 810 3564 638
e 3080 1333 31
e 3080 2037 235
e 2915 668 955
e 3038 2239 557
e 2303 2190 378
e 2303 1974 348
e 1974 3537 455
e 3537 2108 647
e 3537 599 624
e 599 227 730
e 227 2555 131
e 2108 2301 905
e 2108 2486 154
e 1301 2700 417
e 1301 1907 646
e 1907 3354 559
e 3354 386 634
e 1889 2819 838
e 2819 507 342
e 507 1805 39
e 455 2671 848
e 455 3368 728
e 455 3832 202
e 474 3544 304
e 474 3767 389
e 3544 3407 20
e 996 3309 287
e 3309 1998 792
e 3309 1127 549
e 1127 3131 12
e 3131 3400 101
e 1057 3588 127
e 2857 1378 203
e 2857 590 273
e 590 1810 202
e 1810 803 234
e 1810 2282 665
e 2282 947 20
e 1378 2231 38
e 184 3654 287
e 184 3794 88
e 184 3882 844
e 3794 3541 247
e 3541 1315 175
e 1315 1488 94
e 1488 1854 58
e 1854 2509 774
e 2509 21 329
e 21 3261 307
e 21 1895 349
e 1895 1516 975
e 1895 3262 789
e 1895 2149 489
e 1895 3836 857
e 2149 1062 225
e 1062 611 403
e 1062 1937 298
e 1062 2597 549
e 2597 3245 444
e 2597 3399 302
e 3262 847 928
e 2368 3950 30
e 3950 2098 287
e 2098 182 46
e 182 3577 317
e 3577 231 235
e 3577 767 545
e 3577 2493 930
e 3577 3217 416
e 2493 80 114
e 2493 1472 982
e 1299 3502 622
e 521 1583 854
e 521 3291 438
e 3291 211 857
e 3291 3125 342
e 769 1512 31
e 769 2241 780
e 2241 2154 413
e 2154 549 986
e 3434 33 712
e 3434 2668 357
e 3434 2073 318
e 2073 1138 480
e 1138 887 374
e 887 132 346
e 132 2935 286
e 2935 654 221
e 2935 2633 491
e 3672 3781 423
e 1359 3299 475
e 3299 2984 545
e 2370 2808 592
e 2151 3729 556
e 2151 545 930
e 545 3265 972
e 3265 2674 456
e 3265 3130 186
e 3265 630 225
e 630 141 793
e 141 3711 666
e 141 3397 712
e 3397 562 417
e 3397 2133 898
e 2133 1768 695
e 2133 3996 992
e 2133 380 945
e 380 131 656
e 380 2109 830
e 2109 3778 677
e 2109 2789 267
e 2109 297 127
e 2109 2976 790
e 2976 936 83
e 936 196 43
e 936 2084 907
e 2084 2663 303
e 2663 20 264
e 2663 911 756
e 2663 3443 526
e 3443 104 617
e 3443 1446 449
e 1446 3580 238
e 1446 3094 579
e 1446 1162 387
e 1162 3791 89
e 1162 3474 152
e 3474 289 387
e 289 2324 43
e 289 274 699
e 274 3250 519
e 3250 2779 680
e 3250 1168 684
e 1168 634 249
e 1168 1874 387
e 1874 1032 124
e 1874 2533 512
e 1874 2681 601
e 1874 3883 880
e 1874 3878 273
e 3878 2220 70
e 3878 183 491
e 183 753 230
e 183 2181 903
e 2181 1593 218
e 1593 1705 814
e 1705 3813 970
e 1705 1001 60
e 1001 1582 277
e 1001 2096 709
e 2096 352 289
e 2096 667 692
e 2096 1401 656
e 2096 3713 372
e 3713 1859 278
e 3713 1839 448
e 1839 2499 186
e 1839 3750 260
e 1839 726 121
e 1839 1294 381
e 1294 2588 123
e 1294 1107 265
e 1107 3997 330
e 2588 1343 813
e 2588 3859 489
e 2588 2 800
e 2 2495 813
e 2495 3825 120
e 3825 333 927
e 333 1286 135
e 333 2290 833
e 2290 1413 751
e 2290 2416 388
e 2416 3155 350
e 3155 666 516
e 3155 742 890
e 742 3896 465
e 3896 554 373
e 554 3179 231
e 1413 2180 562
e 1286 2097 249
e 3859 3555 561
e 3555 3079 680
e 3079 2094 620
e 2094 2165 858
e 2165 1505 125
e 1505 2192 190
e 1505 1547 534
e 1547 1624 272
e 1624 2871 865
e 1624 3349 963
e 1343 1101 462
e 726 3047 721
e 726 3503 417
e 3503 3931 106
e 3931 1684 141
e 3931 1746 936
e 1746 806 255
e 1746 2447 246
e 2447 62 683
e 3047 3818 373
e 3818 873 305
e 3750 1323 546
e 3750 2279 721
e 3750 853 16
e 3750 3611 996
e 853 2837 918
e 2837 1022 578
e 1022 288 919
e 288 1743 139
e 288 2238 473
e 1743 2001 809
e 2001 2043 443
e 352 617 782
e 1582 3013 907
e 3013 900 605
e 3013 2496 554
e 3013 3506 840
e 3013 420 464
e 420 3401 819
e 420 1076 668
e 1076 656 955
e 656 2567 637
e 656 2321 578
e 2321 3634 539
e 2321 1276 347
e 1276 45 854
e 1276 1526 360
e 1276 3002 819
e 1276 2258 166
e 2258 116 131
e 2258 1836 763
e 1836 828 422
e 828 1600 837
e 1600 1470 45
e 1470 482 20
e 1470 2091 383
e 1470 2009 764
e 2009 1193 984
e 1193 3485 502
e 1193 3598 608
e 1193 2748 934
e 2748 3988 610
e 2091 1291 180
e 2091 1191 624
e 1191 314 813
e 314 2558 237
e 116 1041 928
e 3634 1719 774
e 3634 827 494
e 827 488 83
e 827 1431 799
e 1431 763 89
e 1431 639 748
e 639 2862 655
e 2862 1739 941
e 1739 2092 939
e 2092 1543 566
e 2092 1748 734
e 1748 2130 413
e 2130 1772 265
e 2567 1402 641
e 3401 2159 396
e 3401 2974 865
e 3506 290 30
e 3813 1194 589
e 753 3374 89
e 2220 2929 781
e 2533 1645 109
e 1032 1253 184
e 1032 2518 866
e 2518 479 382
e 2518 1744 206
e 2779 579 116
e 2324 2823 642
e 2324 351 568
e 351 3197 904
e 3197 3207 610
e 3197 972 538
e 972 2035 410
e 2035 670 620
e 2035 3980 835
e 3980 2253 958
e 3980 3306 29
e 3207 1957 320
e 3207 1110 666
e 3207 2323 541
e 2323 2659 104
e 2323 3272 113
e 2323 2176 667
e 2176 3484 491
e 3484 95 95
e 3484 2437 957
e 2659 929 733
e 2659 2276 403
e 1110 2950 24
e 2950 123 322
e 123 3103 596
e 2823 3169 732
e 2823 1585 608
e 2823 3932 152
e 1585 793 376
e 793 3877 891
e 3169 2669 731
e 2669 2157 554
e 2669 1396 609
e 1396 215 19
e 1396 1577 355
e 1396 3517 930
e 3517 295 422
e 3517 1573 690
e 3517 1063 476
e 1063 511 736
e 1063 3737 746
e 511 1126 674
e 1573 1565 696
e 1565 3505 795
e 3505 2804 191
e 2804 64 631
e 2804 2809 479
e 2809 1270 341
e 1270 284 958
e 284 1703 704
e 284 826 36
e 826 77 771
e 77 2554 80
e 77 3530 172
e 3530 1770 973
e 1703 493 496
e 493 191 913
e 493 1540 86
e 493 565 817
e 565 532 905
e 565 2030 18
e 2030 2436 848
e 2436 1760 295
e 1760 1820 860
e 1820 854 448
e 1820 964 76
e 964 362 330
e 362 2912 24
e 2912 626 814
e 854 1304 17
e 3791 1546 892
e 1546 1613 588
e 3094 258 648
e 258 2952 21
e 258 2679 692
e 2679 1445 972
e 1445 541 414
e 541 2868 976
e 2868 3618 152
e 3618 3521 362
e 3521 845 954
e 845 1723 112
e 845 1912 128
e 845 2061 800
e 2061 2848 548
e 2848 186 537
e 186 3776 96
e 3776 2849 272
e 2952 2112 819
e 2952 717 49
e 717 2967 749
e 3580 3499 577
e 104 2661 369
e 911 551 852
e 911 2285 138
e 2285 2376 804
e 2285 3292 263
e 2285 3707 493
e 3292 2516 593
e 2376 2746 124
e 2376 3200 689
e 2746 2342 387
e 551 2078 448
e 2078 1659 164
e 20 3363 367
e 20 3561 709
e 3363 1790 511
e 1790 112 262
e 297 3858 63
e 297 2758 844
e 2758 434 463
e 434 765 305
e 765 283 392
e 283 1794 131
e 283 2894 348
e 2894 2778 794
e 2894 2067 159
e 2067 2666 133
e 2666 569 203
e 569 377 137
e 377 2694 281
e 377 2716 577
e 377 1900 62
e 1900 1721 580
e 1721 2961 37
e 2961 2990 80
e 2961 3993 70
e 3993 1108 92
e 3993 3398 91
e 3398 1704 403
e 3398 2167 404
e 2167 1890 430
e 2167 863 689
e 2167 801 716
e 801 1870 652
e 801 1229 640
e 1229 3358 252
e 1229 505 686
e 1229 1014 785
e 1014 3944 271
e 3944 1476 759
e 3944 1449 577
e 1449 374 426
e 1449 2913 676
e 1476 1263 112
e 1263 30 986
e 1263 2426 95
e 505 2651 465
e 505 2317 214
e 2317 1523 700
e 2317 1072 305
e 1072 155 690
e 155 119 733
e 119 2014 122
e 2014 12 781
e 2014 1336 963
e 2014 3763 401
e 12 660 64
e 660 725 971
e 1523 1816 585
e 2651 735 295
e 735 1200 914
e 1200 538 567
e 538 2129 326
e 538 3633 31
e 3358 2102 428
e 3358 2579 894
e 2579 2419 478
e 2419 3531 310
e 2102 1592 848
e 1870 2458 424
e 863 2114 933
e 2114 1958 113
e 2114 2647 512
e 2647 1832 557
e 1832 1640 506
e 1640 2362 160
e 2362 3301 534
e 2362 213 798
e 2362 970 351
e 970 3701 122
e 3701 2126 614
e 2126 1013 98
e 213 3423 535
e 3301 1362 638
e 1958 2757 82
e 2757 3690 764
e 3690 3141 21
e 3141 2397 166
e 2397 540 661
e 2397 3507 802
e 3507 47 523
e 3507 1084 497
e 540 2234 724
e 1890 1905 504
e 2694 1379 764
e 2694 1668 595
e 1668 1187 868
e 1187 376 722
e 1794 2344 480
e 1794 3000 475
e 1794 2315 131
e 2315 392 740
e 392 2940 787
e 2940 969 139
e 2940 2288 725
e 2288 1043 897
e 2288 3805 51
e 3805 3974 67
e 1043 908 992
e 908 3395 598
e 908 3489 271
e 3489 1715 177
e 3489 3243 827
e 3243 3317 723
e 3243 3293 541
e 3293 575 556
e 3293 61 482
e 61 901 788
e 901 102 915
e 102 1792 988
e 102 359 972
e 359 3450 852
e 359 400 642
e 400 397 194
e 400 2685 822
e 400 1722 308
e 1722 662 908
e 1722 3283 416
e 1722 403 563
e 1722 3843 337
e 3843 1471 181
e 403 1555 304
e 1555 2531 984
e 2531 405 549
e 2531 28 57
e 2531 3741 690
e 28 883 352
e 883 3617 709
e 3617 1395 821
e 1395 1898 33
e 1898 2196 528
e 662 2580 935
e 1792 1992 76
e 1992 3581 459
e 1992 3688 84
e 3581 3429 947
e 3395 371 536
e 969 2346 584
e 2346 3716 387
e 3716 1218 395
e 3716 3594 548
e 3594 3097 433
e 3000 1843 406
e 3000 1570 544
e 3000 909 515
e 3000 3831 439
e 909 2404 295
e 2404 3231 780
e 3231 1878 809
e 3231 83 835
e 3231 1785 343
e 3231 3738 931
e 1785 3288 426
e 1785 3692 908
e 3288 859 30
e 3288 1899 428
e 83 3676 696
e 3676 2677 588
e 2677 2955 362
e 1570 2648 412
e 1570 1886 118
e 1570 416 976
e 1570 3115 572
e 3115 1617 91
e 3115 2120 274
e 2120 1354 302
e 1617 917 671
e 416 246 428
e 416 2745 623
e 416 3089 616
e 3089 2944 745
e 2944 766 372
e 2944 1655 264
e 1886 3051 558
e 2648 18 769
e 1843 556 721
e 1843 2347 498
e 2789 3900 644
e 3900 1799 526
e 3900 574 900
e 574 3685 853
e 3685 741 333
e 3685 152 407
e 3685 228 555
e 3685 842 702
e 842 5 50
e 842 3642 569
e 842 2649 260
e 2649 285 918
e 2649 2236 563
e 2236 2660 319
e 2236 780 216
e 780 641 93
e 780 2596 991
e 780 3390 397
e 3390 262 862
e 3390 1433 878
e 3390 3643 670
e 3390 3895 469
e 3895 1320 348
e 3643 3359 190
e 3643 2992 903
e 3643 3796 893
e 2992 740 276
e 740 2044 424
e 2044 807 988
e 807 821 558
e 807 3686 660
e 821 1572 243
e 821 312 161
e 312 2865 823
e 1572 2300 448
e 2300 2735 740
e 2735 264 34
e 1433 3412 835
e 1433 328 1000
e 1433 3610 732
e 3610 3069 106
e 3069 3192 435
e 3069 2360 445
e 2360 2259 193
e 2259 2306 231
e 2306 2574 606
e 2306 325 294
e 325 29 554
e 325 802 59
e 325 2525 362
e 325 2543 51
e 325 237 984
e 237 2614 255
e 237 2326 936
e 2326 1305 685
e 2326 3714 765
e 3714 812 922
e 812 2934 169
e 812 3371 824
e 1305 1885 820
e 1885 1049 362
e 2525 2352 384
e 802 1098 786
e 328 906 573
e 328 2521 45
e 328 2355 357
e 2355 3600 618
e 2521 1649 700
e 1649 3365 858
e 3365 729 595
e 262 2983 826
e 262 3606 372
e 2983 2825 471
e 2596 2761 424
e 2761 2980 27
e 641 230 662
e 230 2218 314
e 2218 1566 705
e 2660 2916 455
e 285 1351 248
e 1351 3768 729
e 3768 1154 644
e 3768 3755 504
e 3755 2155 599
e 3642 1774 817
e 5 1147 848
e 228 266 415
e 228 466 307
e 466 1853 959
e 466 2899 448
e 466 2375 695
e 466 389 331
e 389 361 656
e 389 2106 650
e 389 2237 429
e 2237 1993 584
e 2237 3680 31
e 2237 1274 245
e 1274 2012 953
e 2012 3136 246
e 2012 3236 485
e 3236 3469 950
e 3469 1515 767
e 3469 834 635
e 3469 1225 26
e 1225 2513 148
e 2513 1003 637
e 1003 1951 599
e 1003 2665 448
e 1003 1435 991
e 1435 3876 795
e 3876 4 805
e 3876 2474 63
e 2665 1050 487
e 2665 1176 477
e 2665 2897 193
e 834 939 861
e 834 3034 317
e 3034 509 507
e 3034 517 585
e 509 229 510
e 3680 3035 781
e 3035 627 45
e 1993 518 968
e 2106 1931 919
e 1931 1802 921
e 1931 1939 191
e 1939 2721 16
e 2721 331 129
e 2721 1337 75
e 1802 663 63
e 1802 1124 570
e 1124 2026 627
e 2375 407 972
e 2375 3424 279
e 2899 2143 236
e 1853 2039 57
e 266 2573 580
e 2573 2063 811
e 152 3341 971
e 152 3473 171
e 152 3793 830
e 3473 1738 436
e 3473 2482 364
e 741 1489 64
e 741 1192 891
e 1192 2999 501
e 2999 3357 214
e 3357 941 951
e 941 212 11
e 941 3083 655
e 3083 1392 169
e 212 1035 794
e 1799 647 693
e 3778 1881 554
e 3996 3071 177
e 3071 1693 832
e 1693 427 902
e 1693 3874 421
e 1693 2415 345
e 2415 2243 305
e 2243 563 845
e 2243 3754 343
e 2243 3937 942
e 3937 3728 344
e 563 1145 609
e 1145 823 548
e 3874 3296 676
e 1768 3123 566
e 3123 570 39
e 570 3603 366
e 3603 2153 100
e 3603 3152 766
e 3152 3181 99
e 3152 52 658
e 52 3199 295
e 52 3724 999
e 3181 3037 625
e 3037 1031 565
e 562 1008 407
e 3711 1033 682
e 1033 3928 120
e 3928 174 131
e 174 2762 449
e 3130 719 810
e 719 913 667
e 719 3694 956
e 3694 1280 399
e 1280 3535 705
e 3535 864 710
e 3535 81 397
e 81 3855 335
e 864 216 268
e 216 526 680
e 526 1498 949
e 913 234 603
e 3729 2828 409
e 3729 3014 304
e 3014 372 61
e 3014 417 260
e 2828 914 901
e 3524 317 244
e 1493 2752 528
e 1493 334 394
e 334 3592 922
e 3592 2400 671
e 3592 2892 845
e 2892 2611 681
e 2400 547 296
e 2752 3319 691
e 3319 164 441
e 164 748 258
e 1370 3316 353
e 3316 749 560
